1 p 1 1 100 1 40 10 0;101-1;p2000109-1 100 1,102,121,125;
2 p 1 1 100 1 40 10 0;101-1;p1999807-1 100 2,102,121,125;
3 p 1 1 100 1 40 10 0;101-1;p1999874-1 100 3,102,121,125;
4 p 1 1 100 1 40 10 0;101-1;p1999813-1 100 4,102,121,125;
5 p 1 1 100 1 40 10 0;101-1;p1999843-1 100 5,102,121,125;
6 p 1 1 100 1 40 10 0;102-1;p2000091-1 100 6,102,121,125;
7 p 1 1 100 1 40 10 0;102-1;p2000151-1 100 7,102,121,125;
8 p 1 1 100 1 40 10 0;102-1;p1999807-1 100 8,102,121,125;
9 p 1 1 100 1 40 10 0;102-1;p1999894-1 100 9,102,121,125;
10 p 1 1 100 1 40 10 0;102-1;p2000163-1 100 10,102,121,125;
11 p 1 1 100 1 40 10 0;103-1;p2000051-1 100 11,103,121,125;
12 p 1 1 100 1 40 10 0;103-1;p2000199-1 100 12,103,121,125;
13 p 1 1 100 1 40 10 0;103-1;p2000048-1 100 13,103,121,125;
14 p 1 1 100 1 40 10 0;103-1;p2000074-1 100 14,103,121,125;
15 p 1 1 100 1 40 10 0;103-1;p2000003-1 100 15,103,121,125;
16 p 1 1 100 1 40 10 0;104-1;p2000172-1 100 16,104,121,125;
17 p 1 1 100 1 40 10 0;104-1;p1999987-1 100 17,104,121,125;
18 p 1 1 100 1 40 10 0;104-1;p1999988-1 100 18,104,121,125;
19 p 1 1 100 1 40 10 0;104-1;p1999828-1 100 19,104,121,125;
20 p 1 1 100 1 40 10 0;104-1;p2000085-1 100 20,104,121,125;
21 p 1 1 100 1 40 10 0;105-1;p1999967-1 100 21,105,121,125;
22 p 1 1 100 1 40 10 0;105-1;p1999931-1 100 22,105,121,125;
23 p 1 1 100 1 40 10 0;105-1;p2000198-1 100 23,105,121,125;
24 p 1 1 100 1 40 10 0;105-1;p2000111-1 100 24,105,121,125;
25 p 1 1 100 1 40 10 0;105-1;p1999975-1 100 25,105,121,125;
26 p 1 1 100 1 40 10 0;106-1;p2000124-1 100 26,106,122,125;
27 p 1 1 100 1 40 10 0;106-1;p2000148-1 100 27,106,122,125;
28 p 1 1 100 1 40 10 0;106-1;p1999926-1 100 28,106,122,125;
29 p 1 1 100 1 40 10 0;106-1;p1999830-1 100 29,106,122,125;
30 p 1 1 100 1 40 10 0;106-1;p1999837-1 100 30,106,122,125;
31 p 1 1 100 1 40 10 0;107-1;p1999973-1 100 31,107,122,125;
32 p 1 1 100 1 40 10 0;107-1;p1999858-1 100 32,107,122,125;
33 p 1 1 100 1 40 10 0;107-1;p1999950-1 100 33,108,122,125;
34 p 1 1 100 1 40 10 0;107-1;p2000029-1 100 34,107,122,125;
35 p 1 1 100 1 40 10 0;107-1;p1999879-1 100 35,108,122,125;
36 p 1 1 100 1 40 10 0;108-1;p2000094-1 100 36,108,122,125;
37 p 1 1 100 1 40 10 0;108-1;p2000168-1 100 37,108,122,125;
38 p 1 1 100 1 40 10 0;108-1;p1999813-1 100 38,108,122,125;
39 p 1 1 100 1 40 10 0;108-1;p1999969-1 100 39,108,122,125;
40 p 1 1 100 1 40 10 0;108-1;p2000184-1 100 40,108,122,125;
41 p 1 1 100 1 40 10 0;109-1;p2000141-1 100 41,109,122,125;
42 p 1 1 100 1 40 10 0;109-1;p1999830-1 100 42,109,122,125;
43 p 1 1 100 1 40 10 0;109-1;p2000074-1 100 43,109,122,125;
44 p 1 1 100 1 40 10 0;109-1;p1999940-1 100 44,109,122,125;
45 p 1 1 100 1 40 10 0;109-1;p2000079-1 100 45,109,122,125;
46 p 1 1 100 1 40 10 0;110-1;p2000195-1 100 46,110,122,125;
47 p 1 1 100 1 40 10 0;110-1;p2000148-1 100 47,110,122,125;
48 p 1 1 100 1 40 10 0;110-1;p1999910-1 100 48,110,122,125;
49 p 1 1 100 1 40 10 0;110-1;p1999987-1 100 49,110,122,125;
50 p 1 1 100 1 40 10 0;110-1;p2000153-1 100 50,110,122,125;
51 p 1 1 100 1 40 10 0;111-1;p1999822-1 100 51,111,123,125;
52 p 1 1 100 1 40 10 0;111-1;p2000178-1 100 52,111,123,125;
53 p 1 1 100 1 40 10 0;111-1;p1999825-1 100 53,111,123,125;
54 p 1 1 100 1 40 10 0;111-1;p2000024-1 100 54,111,123,125;
55 p 1 1 100 1 40 10 0;111-1;p2000123-1 100 55,111,123,125;
56 p 1 1 100 1 40 10 0;112-1;p1999878-1 100 56,112,123,125;
57 p 1 1 100 1 40 10 0;112-1;p1999837-1 100 57,112,123,125;
58 p 1 1 100 1 40 10 0;112-1;p2000191-1 100 58,112,123,125;
59 p 1 1 100 1 40 10 0;112-1;p1999852-1 100 59,112,123,125;
60 p 1 1 100 1 40 10 0;112-1;p1999949-1 100 60,112,123,125;
61 p 1 1 100 1 40 10 0;113-1;p2000051-1 100 61,113,123,125;
62 p 1 1 100 1 40 10 0;113-1;p2000132-1 100 62,113,123,125;
63 p 1 1 100 1 40 10 0;113-1;p2000104-1 100 63,113,123,125;
64 p 1 1 100 1 40 10 0;113-1;p2000104-1 100 64,113,123,125;
65 p 1 1 100 1 40 10 0;113-1;p2000134-1 100 65,113,123,125;
66 p 1 1 100 1 40 10 0;114-1;p2000170-1 100 66,114,123,125;
67 p 1 1 100 1 40 10 0;114-1;p2000098-1 100 67,114,123,125;
68 p 1 1 100 1 40 10 0;114-1;p2000104-1 100 68,114,123,125;
69 p 1 1 100 1 40 10 0;114-1;p1999958-1 100 69,114,123,125;
70 p 1 1 100 1 40 10 0;114-1;p1999971-1 100 70,114,123,125;
71 p 1 1 100 1 40 10 0;115-1;p2000191-1 100 71,115,123,125;
72 p 1 1 100 1 40 10 0;115-1;p1999882-1 100 72,115,123,125;
73 p 1 1 100 1 40 10 0;115-1;p2000089-1 100 73,115,123,125;
74 p 1 1 100 1 40 10 0;115-1;p1999953-1 100 74,115,123,125;
75 p 1 1 100 1 40 10 0;115-1;p2000042-1 100 75,115,123,125;
76 p 1 1 100 1 40 10 0;116-1;p1999891-1 100 76,116,124,125;
77 p 1 1 100 1 40 10 0;116-1;p1999885-1 100 77,116,124,125;
78 p 1 1 100 1 40 10 0;116-1;p1999907-1 100 78,116,124,125;
79 p 1 1 100 1 40 10 0;116-1;p1999956-1 100 79,116,124,125;
80 p 1 1 100 1 40 10 0;116-1;p2000166-1 100 80,116,124,125;
81 p 1 1 100 1 40 10 0;117-1;p1999974-1 100 81,117,124,125;
82 p 1 1 100 1 40 10 0;117-1;p1999946-1 100 82,117,124,125;
83 p 1 1 100 1 40 10 0;117-1;p2000165-1 100 83,117,124,125;
84 p 1 1 100 1 40 10 0;117-1;p1999946-1 100 84,117,124,125;
85 p 1 1 100 1 40 10 0;117-1;p1999819-1 100 85,117,124,125;
86 p 1 1 100 1 40 10 0;118-1;p1999923-1 100 86,118,124,125;
87 p 1 1 100 1 40 10 0;118-1;p2000155-1 100 87,118,124,125;
88 p 1 1 100 1 40 10 0;118-1;p1999846-1 100 88,118,124,125;
89 p 1 1 100 1 40 10 0;118-1;p1999973-1 100 89,118,124,125;
90 p 1 1 100 1 40 10 0;118-1;p2000135-1 100 90,118,124,125;
91 p 1 1 100 1 40 10 0;119-1;p2000111-1 100 91,119,124,125;
92 p 1 1 100 1 40 10 0;119-1;p1999854-1 100 92,119,124,125;
93 p 1 1 100 1 40 10 0;119-1;p2000126-1 100 93,119,124,125;
94 p 1 1 100 1 40 10 0;119-1;p1999814-1 100 94,119,124,125;
95 p 1 1 100 1 40 10 0;119-1;p2000127-1 100 95,119,124,125;
96 p 1 1 100 1 40 10 0;120-1;p1999942-1 100 96,120,124,125;
97 p 1 1 100 1 40 10 0;120-1;p2000075-1 100 97,120,124,125;
98 p 1 1 100 1 40 10 0;120-1;p2000055-1 100 98,120,124,125;
99 p 1 1 100 1 40 10 0;120-1;p2000087-1 100 99,120,124,125;
100 p 1 1 100 1 40 10 0;120-1;p2000059-1 100 100,120,124,125;
101 c 1000 1 100 1000 1000 200 0;1-1,2-1,3-1,4-1,5-1,126-1,127-1,128-1,129-1,130-1,131-1,132-1,133-1,134-1,135-1,121-2;
102 c 1000 1 100 1000 1000 200 0;6-1,7-1,8-1,9-1,10-1,136-1,137-1,138-1,139-1,140-1,141-1,142-1,143-1,144-1,145-1,121-2;
103 c 1000 1 100 1000 1000 200 0;11-1,12-1,13-1,14-1,15-1,146-1,147-1,148-1,149-1,150-1,151-1,152-1,153-1,154-1,155-1,121-2;
104 c 1000 1 100 1000 1000 200 0;16-1,17-1,18-1,19-1,20-1,156-1,157-1,158-1,159-1,160-1,161-1,162-1,163-1,164-1,165-1,121-2;
105 c 1000 1 100 1000 1000 200 0;21-1,22-1,23-1,24-1,25-1,166-1,167-1,168-1,169-1,170-1,171-1,172-1,173-1,174-1,175-1,121-2;
106 c 1000 1 100 1000 1000 200 0;26-1,27-1,28-1,29-1,30-1,176-1,177-1,178-1,179-1,180-1,181-1,182-1,183-1,184-1,185-1,122-2;
107 c 1000 1 100 1000 1000 200 0;31-1,32-1,33-1,34-1,35-1,186-1,187-1,188-1,189-1,190-1,191-1,192-1,193-1,194-1,195-1,122-2;
108 c 1000 1 100 1000 1000 200 0;36-1,37-1,38-1,39-1,40-1,196-1,197-1,198-1,199-1,200-1,201-1,202-1,203-1,204-1,205-1,122-2;
109 c 1000 1 100 1000 1000 200 0;41-1,42-1,43-1,44-1,45-1,206-1,207-1,208-1,209-1,210-1,211-1,212-1,213-1,214-1,215-1,122-2;
110 c 1000 1 100 1000 1000 200 0;46-1,47-1,48-1,49-1,50-1,216-1,217-1,218-1,219-1,220-1,221-1,222-1,223-1,224-1,225-1,122-2;
111 c 1000 1 100 1000 1000 200 0;51-1,52-1,53-1,54-1,55-1,226-1,227-1,228-1,229-1,230-1,231-1,232-1,233-1,234-1,235-1,123-2;
112 c 1000 1 100 1000 1000 200 0;56-1,57-1,58-1,59-1,60-1,236-1,237-1,238-1,239-1,240-1,241-1,242-1,243-1,244-1,245-1,123-2;
113 c 1000 1 100 1000 1000 200 0;61-1,62-1,63-1,64-1,65-1,246-1,247-1,248-1,249-1,250-1,251-1,252-1,253-1,254-1,255-1,123-2;
114 c 1000 1 100 1000 1000 200 0;66-1,67-1,68-1,69-1,70-1,256-1,257-1,258-1,259-1,260-1,261-1,262-1,263-1,264-1,265-1,123-2;
115 c 1000 1 100 1000 1000 200 0;71-1,72-1,73-1,74-1,75-1,266-1,267-1,268-1,269-1,270-1,271-1,272-1,273-1,274-1,275-1,123-2;
116 c 1000 1 100 1000 1000 200 0;76-1,77-1,78-1,79-1,80-1,276-1,277-1,278-1,279-1,280-1,281-1,282-1,283-1,284-1,285-1,124-2;
117 c 1000 1 100 1000 1000 200 0;81-1,82-1,83-1,84-1,85-1,286-1,287-1,288-1,289-1,290-1,291-1,292-1,293-1,294-1,295-1,124-2;
118 c 1000 1 100 1000 1000 200 0;86-1,87-1,88-1,89-1,90-1,296-1,297-1,298-1,299-1,300-1,301-1,302-1,303-1,304-1,305-1,124-2;
119 c 1000 1 100 1000 1000 200 0;91-1,92-1,93-1,94-1,95-1,306-1,307-1,308-1,309-1,310-1,311-1,312-1,313-1,314-1,315-1,124-2;
120 c 1000 1 100 1000 1000 200 0;96-1,97-1,98-1,99-1,100-1,316-1,317-1,318-1,319-1,320-1,321-1,322-1,323-1,324-1,325-1,124-2;
121 c 10000 1 100 10000 8000 1200 0;101-2,102-2,103-2,104-2,105-2,125-3;
122 c 10000 1 100 10000 8000 1200 0;106-2,107-2,108-2,109-2,110-2,125-3;
123 c 10000 1 100 10000 8000 1200 0;111-2,112-2,113-2,114-2,115-2,125-3;
124 c 10000 1 100 10000 8000 1200 0;116-2,117-2,118-2,119-2,120-2,125-3;
125 c 1000000 1 100 1000000 100000 3000 0;121-3,122-3,123-3,124-3;
126 p 1 1 100 1 40 10 0;101-1;p20000247-1 100 126,102,121,125;
127 p 1 1 100 1 40 10 0;101-1;p19998501-1 100 127,102,121,125;
128 p 1 1 100 1 40 10 0;101-1;p20000814-1 100 128,102,121,125;
129 p 1 1 100 1 40 10 0;101-1;p19998495-1 100 129,102,121,125;
130 p 1 1 100 1 40 10 0;101-1;p20000611-1 100 130,102,121,125;
131 p 1 1 100 1 40 10 0;101-1;p20001265-1 100 131,102,121,125;
132 p 1 1 100 1 40 10 0;101-1;p19998976-1 100 132,102,121,125;
133 p 1 1 100 1 40 10 0;101-1;p20000418-1 100 133,102,121,125;
134 p 1 1 100 1 40 10 0;101-1;p20000172-1 100 134,102,121,125;
135 p 1 1 100 1 40 10 0;101-1;p20000854-1 100 135,102,121,125;
136 p 1 1 100 1 40 10 0;102-1;p20000247-1 100 136,102,121,125;
137 p 1 1 100 1 40 10 0;102-1;p19998501-1 100 137,102,121,125;
138 p 1 1 100 1 40 10 0;102-1;p20000814-1 100 138,102,121,125;
139 p 1 1 100 1 40 10 0;102-1;p19998495-1 100 139,102,121,125;
140 p 1 1 100 1 40 10 0;102-1;p20000611-1 100 140,102,121,125;
141 p 1 1 100 1 40 10 0;102-1;p20001265-1 100 141,102,121,125;
142 p 1 1 100 1 40 10 0;102-1;p19998976-1 100 142,102,121,125;
143 p 1 1 100 1 40 10 0;102-1;p20000418-1 100 143,102,121,125;
144 p 1 1 100 1 40 10 0;102-1;p20000172-1 100 144,102,121,125;
145 p 1 1 100 1 40 10 0;102-1;p20000854-1 100 145,102,121,125;
146 p 1 1 100 1 40 10 0;103-1;p20000247-1 100 146,103,121,125;
147 p 1 1 100 1 40 10 0;103-1;p19998501-1 100 147,103,121,125;
148 p 1 1 100 1 40 10 0;103-1;p20000814-1 100 148,103,121,125;
149 p 1 1 100 1 40 10 0;103-1;p19998495-1 100 149,103,121,125;
150 p 1 1 100 1 40 10 0;103-1;p20000611-1 100 150,103,121,125;
151 p 1 1 100 1 40 10 0;103-1;p20001265-1 100 151,103,121,125;
152 p 1 1 100 1 40 10 0;103-1;p19998976-1 100 152,103,121,125;
153 p 1 1 100 1 40 10 0;103-1;p20000418-1 100 153,103,121,125;
154 p 1 1 100 1 40 10 0;103-1;p20000172-1 100 154,103,121,125;
155 p 1 1 100 1 40 10 0;103-1;p20000854-1 100 155,103,121,125;
156 p 1 1 100 1 40 10 0;104-1;p20000247-1 100 156,104,121,125;
157 p 1 1 100 1 40 10 0;104-1;p19998501-1 100 157,104,121,125;
158 p 1 1 100 1 40 10 0;104-1;p20000814-1 100 158,104,121,125;
159 p 1 1 100 1 40 10 0;104-1;p19998495-1 100 159,104,121,125;
160 p 1 1 100 1 40 10 0;104-1;p20000611-1 100 160,104,121,125;
161 p 1 1 100 1 40 10 0;104-1;p20001265-1 100 161,104,121,125;
162 p 1 1 100 1 40 10 0;104-1;p19998976-1 100 162,104,121,125;
163 p 1 1 100 1 40 10 0;104-1;p20000418-1 100 163,104,121,125;
164 p 1 1 100 1 40 10 0;104-1;p20000172-1 100 164,104,121,125;
165 p 1 1 100 1 40 10 0;104-1;p20000854-1 100 165,104,121,125;
166 p 1 1 100 1 40 10 0;105-1;p20000247-1 100 166,105,121,125;
167 p 1 1 100 1 40 10 0;105-1;p19998501-1 100 167,105,121,125;
168 p 1 1 100 1 40 10 0;105-1;p20000814-1 100 168,105,121,125;
169 p 1 1 100 1 40 10 0;105-1;p19998495-1 100 169,105,121,125;
170 p 1 1 100 1 40 10 0;105-1;p20000611-1 100 170,105,121,125;
171 p 1 1 100 1 40 10 0;105-1;p20001265-1 100 171,105,121,125;
172 p 1 1 100 1 40 10 0;105-1;p19998976-1 100 172,105,121,125;
173 p 1 1 100 1 40 10 0;105-1;p20000418-1 100 173,105,121,125;
174 p 1 1 100 1 40 10 0;105-1;p20000172-1 100 174,105,121,125;
175 p 1 1 100 1 40 10 0;105-1;p20000854-1 100 175,105,121,125;
176 p 1 1 100 1 40 10 0;106-1;p20000247-1 100 176,106,122,125;
177 p 1 1 100 1 40 10 0;106-1;p19998501-1 100 177,106,122,125;
178 p 1 1 100 1 40 10 0;106-1;p20000814-1 100 178,106,122,125;
179 p 1 1 100 1 40 10 0;106-1;p19998495-1 100 179,106,122,125;
180 p 1 1 100 1 40 10 0;106-1;p20000611-1 100 180,106,122,125;
181 p 1 1 100 1 40 10 0;106-1;p20001265-1 100 181,106,122,125;
182 p 1 1 100 1 40 10 0;106-1;p19998976-1 100 182,106,122,125;
183 p 1 1 100 1 40 10 0;106-1;p20000418-1 100 183,106,122,125;
184 p 1 1 100 1 40 10 0;106-1;p20000172-1 100 184,106,122,125;
185 p 1 1 100 1 40 10 0;106-1;p20000854-1 100 185,106,122,125;
186 p 1 1 100 1 40 10 0;107-1;p20000247-1 100 186,107,122,125;
187 p 1 1 100 1 40 10 0;107-1;p19998501-1 100 187,107,122,125;
188 p 1 1 100 1 40 10 0;107-1;p20000814-1 100 188,107,122,125;
189 p 1 1 100 1 40 10 0;107-1;p19998495-1 100 189,107,122,125;
190 p 1 1 100 1 40 10 0;107-1;p20000611-1 100 190,107,122,125;
191 p 1 1 100 1 40 10 0;107-1;p20001265-1 100 191,107,122,125;
192 p 1 1 100 1 40 10 0;107-1;p19998976-1 100 192,107,122,125;
193 p 1 1 100 1 40 10 0;107-1;p20000418-1 100 193,107,122,125;
194 p 1 1 100 1 40 10 0;107-1;p20000172-1 100 194,107,122,125;
195 p 1 1 100 1 40 10 0;107-1;p20000854-1 100 195,107,122,125;
196 p 1 1 100 1 40 10 0;108-1;p20000247-1 100 196,108,122,125;
197 p 1 1 100 1 40 10 0;108-1;p19998501-1 100 197,108,122,125;
198 p 1 1 100 1 40 10 0;108-1;p20000814-1 100 198,108,122,125;
199 p 1 1 100 1 40 10 0;108-1;p19998495-1 100 199,108,122,125;
200 p 1 1 100 1 40 10 0;108-1;p20000611-1 100 200,108,122,125;
201 p 1 1 100 1 40 10 0;108-1;p20001265-1 100 201,108,122,125;
202 p 1 1 100 1 40 10 0;108-1;p19998976-1 100 202,108,122,125;
203 p 1 1 100 1 40 10 0;108-1;p20000418-1 100 203,108,122,125;
204 p 1 1 100 1 40 10 0;108-1;p20000172-1 100 204,108,122,125;
205 p 1 1 100 1 40 10 0;108-1;p20000854-1 100 205,108,122,125;
206 p 1 1 100 1 40 10 0;109-1;p20000247-1 100 206,109,122,125;
207 p 1 1 100 1 40 10 0;109-1;p19998501-1 100 207,109,122,125;
208 p 1 1 100 1 40 10 0;109-1;p20000814-1 100 208,109,122,125;
209 p 1 1 100 1 40 10 0;109-1;p19998495-1 100 209,109,122,125;
210 p 1 1 100 1 40 10 0;109-1;p20000611-1 100 210,109,122,125;
211 p 1 1 100 1 40 10 0;109-1;p20001265-1 100 211,109,122,125;
212 p 1 1 100 1 40 10 0;109-1;p19998976-1 100 212,109,122,125;
213 p 1 1 100 1 40 10 0;109-1;p20000418-1 100 213,109,122,125;
214 p 1 1 100 1 40 10 0;109-1;p20000172-1 100 214,109,122,125;
215 p 1 1 100 1 40 10 0;109-1;p20000854-1 100 215,109,122,125;
216 p 1 1 100 1 40 10 0;110-1;p20000247-1 100 216,110,122,125;
217 p 1 1 100 1 40 10 0;110-1;p19998501-1 100 217,110,122,125;
218 p 1 1 100 1 40 10 0;110-1;p20000814-1 100 218,110,122,125;
219 p 1 1 100 1 40 10 0;110-1;p19998495-1 100 219,110,122,125;
220 p 1 1 100 1 40 10 0;110-1;p20000611-1 100 220,110,122,125;
221 p 1 1 100 1 40 10 0;110-1;p20001265-1 100 221,110,122,125;
222 p 1 1 100 1 40 10 0;110-1;p19998976-1 100 222,110,122,125;
223 p 1 1 100 1 40 10 0;110-1;p20000418-1 100 223,110,122,125;
224 p 1 1 100 1 40 10 0;110-1;p20000172-1 100 224,110,122,125;
225 p 1 1 100 1 40 10 0;110-1;p20000854-1 100 225,110,122,125;
226 p 1 1 100 1 40 10 0;111-1;p20000247-1 100 226,111,123,125;
227 p 1 1 100 1 40 10 0;111-1;p19998501-1 100 227,111,123,125;
228 p 1 1 100 1 40 10 0;111-1;p20000814-1 100 228,111,123,125;
229 p 1 1 100 1 40 10 0;111-1;p19998495-1 100 229,111,123,125;
230 p 1 1 100 1 40 10 0;111-1;p20000611-1 100 230,111,123,125;
231 p 1 1 100 1 40 10 0;111-1;p20001265-1 100 231,111,123,125;
232 p 1 1 100 1 40 10 0;111-1;p19998976-1 100 232,111,123,125;
233 p 1 1 100 1 40 10 0;111-1;p20000418-1 100 233,111,123,125;
234 p 1 1 100 1 40 10 0;111-1;p20000172-1 100 234,111,123,125;
235 p 1 1 100 1 40 10 0;111-1;p20000854-1 100 235,111,123,125;
236 p 1 1 100 1 40 10 0;112-1;p20000247-1 100 236,112,123,125;
237 p 1 1 100 1 40 10 0;112-1;p19998501-1 100 237,112,123,125;
238 p 1 1 100 1 40 10 0;112-1;p20000814-1 100 238,112,123,125;
239 p 1 1 100 1 40 10 0;112-1;p19998495-1 100 239,112,123,125;
240 p 1 1 100 1 40 10 0;112-1;p20000611-1 100 240,112,123,125;
241 p 1 1 100 1 40 10 0;112-1;p20001265-1 100 241,112,123,125;
242 p 1 1 100 1 40 10 0;112-1;p19998976-1 100 242,112,123,125;
243 p 1 1 100 1 40 10 0;112-1;p20000418-1 100 243,112,123,125;
244 p 1 1 100 1 40 10 0;112-1;p20000172-1 100 244,112,123,125;
245 p 1 1 100 1 40 10 0;112-1;p20000854-1 100 245,112,123,125;
246 p 1 1 100 1 40 10 0;113-1;p20000247-1 100 246,113,123,125;
247 p 1 1 100 1 40 10 0;113-1;p19998501-1 100 247,113,123,125;
248 p 1 1 100 1 40 10 0;113-1;p20000814-1 100 248,113,123,125;
249 p 1 1 100 1 40 10 0;113-1;p19998495-1 100 249,113,123,125;
250 p 1 1 100 1 40 10 0;113-1;p20000611-1 100 250,113,123,125;
251 p 1 1 100 1 40 10 0;113-1;p20001265-1 100 251,113,123,125;
252 p 1 1 100 1 40 10 0;113-1;p19998976-1 100 252,113,123,125;
253 p 1 1 100 1 40 10 0;113-1;p20000418-1 100 253,113,123,125;
254 p 1 1 100 1 40 10 0;113-1;p20000172-1 100 254,113,123,125;
255 p 1 1 100 1 40 10 0;113-1;p20000854-1 100 255,113,123,125;
256 p 1 1 100 1 40 10 0;114-1;p20000247-1 100 256,114,123,125;
257 p 1 1 100 1 40 10 0;114-1;p19998501-1 100 257,114,123,125;
258 p 1 1 100 1 40 10 0;114-1;p20000814-1 100 258,114,123,125;
259 p 1 1 100 1 40 10 0;114-1;p19998495-1 100 259,114,123,125;
260 p 1 1 100 1 40 10 0;114-1;p20000611-1 100 260,114,123,125;
261 p 1 1 100 1 40 10 0;114-1;p20001265-1 100 261,114,123,125;
262 p 1 1 100 1 40 10 0;114-1;p19998976-1 100 262,114,123,125;
263 p 1 1 100 1 40 10 0;114-1;p20000418-1 100 263,114,123,125;
264 p 1 1 100 1 40 10 0;114-1;p20000172-1 100 264,114,123,125;
265 p 1 1 100 1 40 10 0;114-1;p20000854-1 100 265,114,123,125;
266 p 1 1 100 1 40 10 0;115-1;p20000247-1 100 266,115,123,125;
267 p 1 1 100 1 40 10 0;115-1;p19998501-1 100 267,115,123,125;
268 p 1 1 100 1 40 10 0;115-1;p20000814-1 100 268,115,123,125;
269 p 1 1 100 1 40 10 0;115-1;p19998495-1 100 269,115,123,125;
270 p 1 1 100 1 40 10 0;115-1;p20000611-1 100 270,115,123,125;
271 p 1 1 100 1 40 10 0;115-1;p20001265-1 100 271,115,123,125;
272 p 1 1 100 1 40 10 0;115-1;p19998976-1 100 272,115,123,125;
273 p 1 1 100 1 40 10 0;115-1;p20000418-1 100 273,115,123,125;
274 p 1 1 100 1 40 10 0;115-1;p20000172-1 100 274,115,123,125;
275 p 1 1 100 1 40 10 0;115-1;p20000854-1 100 275,115,123,125;
276 p 1 1 100 1 40 10 0;116-1;p20000247-1 100 276,116,124,125;
277 p 1 1 100 1 40 10 0;116-1;p19998501-1 100 277,116,124,125;
278 p 1 1 100 1 40 10 0;116-1;p20000814-1 100 278,116,124,125;
279 p 1 1 100 1 40 10 0;116-1;p19998495-1 100 279,116,124,125;
280 p 1 1 100 1 40 10 0;116-1;p20000611-1 100 280,116,124,125;
281 p 1 1 100 1 40 10 0;116-1;p20001265-1 100 281,116,124,125;
282 p 1 1 100 1 40 10 0;116-1;p19998976-1 100 282,116,124,125;
283 p 1 1 100 1 40 10 0;116-1;p20000418-1 100 283,116,124,125;
284 p 1 1 100 1 40 10 0;116-1;p20000172-1 100 284,116,124,125;
285 p 1 1 100 1 40 10 0;116-1;p20000854-1 100 285,116,124,125;
286 p 1 1 100 1 40 10 0;117-1;p20000247-1 100 286,117,124,125;
287 p 1 1 100 1 40 10 0;117-1;p19998501-1 100 287,117,124,125;
288 p 1 1 100 1 40 10 0;117-1;p20000814-1 100 288,117,124,125;
289 p 1 1 100 1 40 10 0;117-1;p19998495-1 100 289,117,124,125;
290 p 1 1 100 1 40 10 0;117-1;p20000611-1 100 290,117,124,125;
291 p 1 1 100 1 40 10 0;117-1;p20001265-1 100 291,117,124,125;
292 p 1 1 100 1 40 10 0;117-1;p19998976-1 100 292,117,124,125;
293 p 1 1 100 1 40 10 0;117-1;p20000418-1 100 293,117,124,125;
294 p 1 1 100 1 40 10 0;117-1;p20000172-1 100 294,117,124,125;
295 p 1 1 100 1 40 10 0;117-1;p20000854-1 100 295,117,124,125;
296 p 1 1 100 1 40 10 0;118-1;p20000247-1 100 296,118,124,125;
297 p 1 1 100 1 40 10 0;118-1;p19998501-1 100 297,118,124,125;
298 p 1 1 100 1 40 10 0;118-1;p20000814-1 100 298,118,124,125;
299 p 1 1 100 1 40 10 0;118-1;p19998495-1 100 299,118,124,125;
300 p 1 1 100 1 40 10 0;118-1;p20000611-1 100 300,118,124,125;
301 p 1 1 100 1 40 10 0;118-1;p20001265-1 100 301,118,124,125;
302 p 1 1 100 1 40 10 0;118-1;p19998976-1 100 302,118,124,125;
303 p 1 1 100 1 40 10 0;118-1;p20000418-1 100 303,118,124,125;
304 p 1 1 100 1 40 10 0;118-1;p20000172-1 100 304,118,124,125;
305 p 1 1 100 1 40 10 0;118-1;p20000854-1 100 305,118,124,125;
306 p 1 1 100 1 40 10 0;119-1;p20000247-1 100 306,119,124,125;
307 p 1 1 100 1 40 10 0;119-1;p19998501-1 100 307,119,124,125;
308 p 1 1 100 1 40 10 0;119-1;p20000814-1 100 308,119,124,125;
309 p 1 1 100 1 40 10 0;119-1;p19998495-1 100 309,119,124,125;
310 p 1 1 100 1 40 10 0;119-1;p20000611-1 100 310,119,124,125;
311 p 1 1 100 1 40 10 0;119-1;p20001265-1 100 311,119,124,125;
312 p 1 1 100 1 40 10 0;119-1;p19998976-1 100 312,119,124,125;
313 p 1 1 100 1 40 10 0;119-1;p20000418-1 100 313,119,124,125;
314 p 1 1 100 1 40 10 0;119-1;p20000172-1 100 314,119,124,125;
315 p 1 1 100 1 40 10 0;119-1;p20000854-1 100 315,119,124,125;
316 p 1 1 100 1 40 10 0;120-1;p20000247-1 100 316,120,124,125;
317 p 1 1 100 1 40 10 0;120-1;p19998501-1 100 317,120,124,125;
318 p 1 1 100 1 40 10 0;120-1;p20000814-1 100 318,120,124,125;
319 p 1 1 100 1 40 10 0;120-1;p19998495-1 100 319,120,124,125;
320 p 1 1 100 1 40 10 0;120-1;p20000611-1 100 320,120,124,125;
321 p 1 1 100 1 40 10 0;120-1;p20001265-1 100 321,120,124,125;
322 p 1 1 100 1 40 10 0;120-1;p19998976-1 100 322,120,124,125;
323 p 1 1 100 1 40 10 0;120-1;p20000418-1 100 323,120,124,125;
324 p 1 1 100 1 40 10 0;120-1;p20000172-1 100 324,120,124,125;
325 p 1 1 100 1 40 10 0;120-1;p20000854-1 100 325,120,124,125;
0 0
