1 p 1 1 100 1 40 10 0;301-1;p2047527-1 100 1,301,321,325;
2 p 1 1 100 1 40 10 0;301-1;p1972284-1 100 2,301,321,325;
3 p 1 1 100 1 40 10 0;301-1;p1961577-1 100 3,301,321,325;
4 p 1 1 100 1 40 10 0;301-1;p2064325-1 100 4,301,321,325;
5 p 1 1 100 1 40 10 0;301-1;p2060692-1 100 5,301,321,325;
6 p 1 1 100 1 40 10 0;301-1;p1938027-1 100 6,301,321,325;
7 p 1 1 100 1 40 10 0;301-1;p1932812-1 100 7,301,321,325;
8 p 1 1 100 1 40 10 0;301-1;p1905877-1 100 8,301,321,325;
9 p 1 1 100 1 40 10 0;301-1;p1978594-1 100 9,301,321,325;
10 p 1 1 100 1 40 10 0;301-1;p2069973-1 100 10,301,321,325;
11 p 1 1 100 1 40 10 0;301-1;p2087799-1 100 11,301,321,325;
12 p 1 1 100 1 40 10 0;301-1;p2061315-1 100 12,301,321,325;
13 p 1 1 100 1 40 10 0;301-1;p2063924-1 100 13,301,321,325;
14 p 1 1 100 1 40 10 0;301-1;p1924653-1 100 14,301,321,325;
15 p 1 1 100 1 40 10 0;301-1;p1962234-1 100 15,301,321,325;
16 p 1 1 100 1 40 10 0;302-1;p1931525-1 100 16,302,321,325;
17 p 1 1 100 1 40 10 0;302-1;p1964738-1 100 17,302,321,325;
18 p 1 1 100 1 40 10 0;302-1;p1907435-1 100 18,302,321,325;
19 p 1 1 100 1 40 10 0;302-1;p1993961-1 100 19,302,321,325;
20 p 1 1 100 1 40 10 0;302-1;p1987238-1 100 20,302,321,325;
21 p 1 1 100 1 40 10 0;302-1;p1946132-1 100 21,302,321,325;
22 p 1 1 100 1 40 10 0;302-1;p2051246-1 100 22,302,321,325;
23 p 1 1 100 1 40 10 0;302-1;p2058918-1 100 23,302,321,325;
24 p 1 1 100 1 40 10 0;302-1;p1929941-1 100 24,302,321,325;
25 p 1 1 100 1 40 10 0;302-1;p2060582-1 100 25,302,321,325;
26 p 1 1 100 1 40 10 0;302-1;p1961967-1 100 26,302,321,325;
27 p 1 1 100 1 40 10 0;302-1;p2035442-1 100 27,302,321,325;
28 p 1 1 100 1 40 10 0;302-1;p2068528-1 100 28,302,321,325;
29 p 1 1 100 1 40 10 0;302-1;p1933028-1 100 29,302,321,325;
30 p 1 1 100 1 40 10 0;302-1;p1974580-1 100 30,302,321,325;
31 p 1 1 100 1 40 10 0;303-1;p1940927-1 100 31,303,321,325;
32 p 1 1 100 1 40 10 0;303-1;p1986265-1 100 32,303,321,325;
33 p 1 1 100 1 40 10 0;303-1;p2034607-1 100 33,303,321,325;
34 p 1 1 100 1 40 10 0;303-1;p1900793-1 100 34,303,321,325;
35 p 1 1 100 1 40 10 0;303-1;p1946957-1 100 35,303,321,325;
36 p 1 1 100 1 40 10 0;303-1;p2054927-1 100 36,303,321,325;
37 p 1 1 100 1 40 10 0;303-1;p1949443-1 100 37,303,321,325;
38 p 1 1 100 1 40 10 0;303-1;p2043466-1 100 38,303,321,325;
39 p 1 1 100 1 40 10 0;303-1;p1960846-1 100 39,303,321,325;
40 p 1 1 100 1 40 10 0;303-1;p2072266-1 100 40,303,321,325;
41 p 1 1 100 1 40 10 0;303-1;p2001290-1 100 41,303,321,325;
42 p 1 1 100 1 40 10 0;303-1;p1963687-1 100 42,303,321,325;
43 p 1 1 100 1 40 10 0;303-1;p2093432-1 100 43,303,321,325;
44 p 1 1 100 1 40 10 0;303-1;p2012713-1 100 44,303,321,325;
45 p 1 1 100 1 40 10 0;303-1;p2011411-1 100 45,303,321,325;
46 p 1 1 100 1 40 10 0;304-1;p1934401-1 100 46,304,321,325;
47 p 1 1 100 1 40 10 0;304-1;p1955498-1 100 47,304,321,325;
48 p 1 1 100 1 40 10 0;304-1;p1984654-1 100 48,304,321,325;
49 p 1 1 100 1 40 10 0;304-1;p2074470-1 100 49,304,321,325;
50 p 1 1 100 1 40 10 0;304-1;p2062889-1 100 50,304,321,325;
51 p 1 1 100 1 40 10 0;304-1;p1940117-1 100 51,304,321,325;
52 p 1 1 100 1 40 10 0;304-1;p1997086-1 100 52,304,321,325;
53 p 1 1 100 1 40 10 0;304-1;p1922554-1 100 53,304,321,325;
54 p 1 1 100 1 40 10 0;304-1;p1914974-1 100 54,304,321,325;
55 p 1 1 100 1 40 10 0;304-1;p1949272-1 100 55,304,321,325;
56 p 1 1 100 1 40 10 0;304-1;p1944695-1 100 56,304,321,325;
57 p 1 1 100 1 40 10 0;304-1;p1909692-1 100 57,304,321,325;
58 p 1 1 100 1 40 10 0;304-1;p1953968-1 100 58,304,321,325;
59 p 1 1 100 1 40 10 0;304-1;p2039345-1 100 59,304,321,325;
60 p 1 1 100 1 40 10 0;304-1;p1959981-1 100 60,304,321,325;
61 p 1 1 100 1 40 10 0;305-1;p2053956-1 100 61,305,321,325;
62 p 1 1 100 1 40 10 0;305-1;p2099685-1 100 62,305,321,325;
63 p 1 1 100 1 40 10 0;305-1;p2015472-1 100 63,305,321,325;
64 p 1 1 100 1 40 10 0;305-1;p1903563-1 100 64,305,321,325;
65 p 1 1 100 1 40 10 0;305-1;p1957051-1 100 65,305,321,325;
66 p 1 1 100 1 40 10 0;305-1;p2029366-1 100 66,305,321,325;
67 p 1 1 100 1 40 10 0;305-1;p1957807-1 100 67,305,321,325;
68 p 1 1 100 1 40 10 0;305-1;p1933646-1 100 68,305,321,325;
69 p 1 1 100 1 40 10 0;305-1;p2019720-1 100 69,305,321,325;
70 p 1 1 100 1 40 10 0;305-1;p2032550-1 100 70,305,321,325;
71 p 1 1 100 1 40 10 0;305-1;p2085980-1 100 71,305,321,325;
72 p 1 1 100 1 40 10 0;305-1;p2089273-1 100 72,305,321,325;
73 p 1 1 100 1 40 10 0;305-1;p2076074-1 100 73,305,321,325;
74 p 1 1 100 1 40 10 0;305-1;p1950827-1 100 74,305,321,325;
75 p 1 1 100 1 40 10 0;305-1;p2008017-1 100 75,305,321,325;
76 p 1 1 100 1 40 10 0;306-1;p1961723-1 100 76,306,322,325;
77 p 1 1 100 1 40 10 0;306-1;p1949719-1 100 77,306,322,325;
78 p 1 1 100 1 40 10 0;306-1;p1901080-1 100 78,306,322,325;
79 p 1 1 100 1 40 10 0;306-1;p1904551-1 100 79,306,322,325;
80 p 1 1 100 1 40 10 0;306-1;p2066311-1 100 80,306,322,325;
81 p 1 1 100 1 40 10 0;306-1;p1900810-1 100 81,306,322,325;
82 p 1 1 100 1 40 10 0;306-1;p2044901-1 100 82,306,322,325;
83 p 1 1 100 1 40 10 0;306-1;p1986565-1 100 83,306,322,325;
84 p 1 1 100 1 40 10 0;306-1;p1941412-1 100 84,306,322,325;
85 p 1 1 100 1 40 10 0;306-1;p1964670-1 100 85,306,322,325;
86 p 1 1 100 1 40 10 0;306-1;p2059975-1 100 86,306,322,325;
87 p 1 1 100 1 40 10 0;306-1;p2005009-1 100 87,306,322,325;
88 p 1 1 100 1 40 10 0;306-1;p2081559-1 100 88,306,322,325;
89 p 1 1 100 1 40 10 0;306-1;p2067803-1 100 89,306,322,325;
90 p 1 1 100 1 40 10 0;306-1;p1993684-1 100 90,306,322,325;
91 p 1 1 100 1 40 10 0;307-1;p2005363-1 100 91,307,322,325;
92 p 1 1 100 1 40 10 0;307-1;p1941622-1 100 92,307,322,325;
93 p 1 1 100 1 40 10 0;307-1;p1946914-1 100 93,307,322,325;
94 p 1 1 100 1 40 10 0;307-1;p1948518-1 100 94,307,322,325;
95 p 1 1 100 1 40 10 0;307-1;p1939066-1 100 95,307,322,325;
96 p 1 1 100 1 40 10 0;307-1;p1953195-1 100 96,307,322,325;
97 p 1 1 100 1 40 10 0;307-1;p1902860-1 100 97,307,322,325;
98 p 1 1 100 1 40 10 0;307-1;p2039377-1 100 98,307,322,325;
99 p 1 1 100 1 40 10 0;307-1;p1965559-1 100 99,307,322,325;
100 p 1 1 100 1 40 10 0;307-1;p2089159-1 100 100,307,322,325;
101 p 1 1 100 1 40 10 0;307-1;p1910384-1 100 101,307,322,325;
102 p 1 1 100 1 40 10 0;307-1;p1971870-1 100 102,307,322,325;
103 p 1 1 100 1 40 10 0;307-1;p2017858-1 100 103,307,322,325;
104 p 1 1 100 1 40 10 0;307-1;p1978453-1 100 104,307,322,325;
105 p 1 1 100 1 40 10 0;307-1;p2022694-1 100 105,307,322,325;
106 p 1 1 100 1 40 10 0;308-1;p2006710-1 100 106,308,322,325;
107 p 1 1 100 1 40 10 0;308-1;p2026547-1 100 107,308,322,325;
108 p 1 1 100 1 40 10 0;308-1;p2092199-1 100 108,308,322,325;
109 p 1 1 100 1 40 10 0;308-1;p2054507-1 100 109,308,322,325;
110 p 1 1 100 1 40 10 0;308-1;p2029458-1 100 110,308,322,325;
111 p 1 1 100 1 40 10 0;308-1;p1947305-1 100 111,308,322,325;
112 p 1 1 100 1 40 10 0;308-1;p2052715-1 100 112,308,322,325;
113 p 1 1 100 1 40 10 0;308-1;p1924091-1 100 113,308,322,325;
114 p 1 1 100 1 40 10 0;308-1;p1995219-1 100 114,308,322,325;
115 p 1 1 100 1 40 10 0;308-1;p1963527-1 100 115,308,322,325;
116 p 1 1 100 1 40 10 0;308-1;p2067122-1 100 116,308,322,325;
117 p 1 1 100 1 40 10 0;308-1;p2069323-1 100 117,308,322,325;
118 p 1 1 100 1 40 10 0;308-1;p1991335-1 100 118,308,322,325;
119 p 1 1 100 1 40 10 0;308-1;p2015571-1 100 119,308,322,325;
120 p 1 1 100 1 40 10 0;308-1;p1962775-1 100 120,308,322,325;
121 p 1 1 100 1 40 10 0;309-1;p2023101-1 100 121,309,322,325;
122 p 1 1 100 1 40 10 0;309-1;p2093406-1 100 122,309,322,325;
123 p 1 1 100 1 40 10 0;309-1;p1949519-1 100 123,309,322,325;
124 p 1 1 100 1 40 10 0;309-1;p2003233-1 100 124,309,322,325;
125 p 1 1 100 1 40 10 0;309-1;p2087902-1 100 125,309,322,325;
126 p 1 1 100 1 40 10 0;309-1;p1999328-1 100 126,309,322,325;
127 p 1 1 100 1 40 10 0;309-1;p2006348-1 100 127,309,322,325;
128 p 1 1 100 1 40 10 0;309-1;p2024633-1 100 128,309,322,325;
129 p 1 1 100 1 40 10 0;309-1;p2035377-1 100 129,309,322,325;
130 p 1 1 100 1 40 10 0;309-1;p1952917-1 100 130,309,322,325;
131 p 1 1 100 1 40 10 0;309-1;p1917091-1 100 131,309,322,325;
132 p 1 1 100 1 40 10 0;309-1;p2059597-1 100 132,309,322,325;
133 p 1 1 100 1 40 10 0;309-1;p1982059-1 100 133,309,322,325;
134 p 1 1 100 1 40 10 0;309-1;p2095145-1 100 134,309,322,325;
135 p 1 1 100 1 40 10 0;309-1;p1914328-1 100 135,309,322,325;
136 p 1 1 100 1 40 10 0;310-1;p2095325-1 100 136,310,322,325;
137 p 1 1 100 1 40 10 0;310-1;p2046911-1 100 137,310,322,325;
138 p 1 1 100 1 40 10 0;310-1;p2066474-1 100 138,310,322,325;
139 p 1 1 100 1 40 10 0;310-1;p1901821-1 100 139,310,322,325;
140 p 1 1 100 1 40 10 0;310-1;p1947314-1 100 140,310,322,325;
141 p 1 1 100 1 40 10 0;310-1;p2024220-1 100 141,310,322,325;
142 p 1 1 100 1 40 10 0;310-1;p1943209-1 100 142,310,322,325;
143 p 1 1 100 1 40 10 0;310-1;p2025105-1 100 143,310,322,325;
144 p 1 1 100 1 40 10 0;310-1;p1994652-1 100 144,310,322,325;
145 p 1 1 100 1 40 10 0;310-1;p1987633-1 100 145,310,322,325;
146 p 1 1 100 1 40 10 0;310-1;p2028681-1 100 146,310,322,325;
147 p 1 1 100 1 40 10 0;310-1;p1965919-1 100 147,310,322,325;
148 p 1 1 100 1 40 10 0;310-1;p2008256-1 100 148,310,322,325;
149 p 1 1 100 1 40 10 0;310-1;p1986482-1 100 149,310,322,325;
150 p 1 1 100 1 40 10 0;310-1;p2017531-1 100 150,310,322,325;
151 p 1 1 100 1 40 10 0;311-1;p2042129-1 100 151,311,323,325;
152 p 1 1 100 1 40 10 0;311-1;p1916141-1 100 152,311,323,325;
153 p 1 1 100 1 40 10 0;311-1;p2085807-1 100 153,311,323,325;
154 p 1 1 100 1 40 10 0;311-1;p2026155-1 100 154,311,323,325;
155 p 1 1 100 1 40 10 0;311-1;p2055786-1 100 155,311,323,325;
156 p 1 1 100 1 40 10 0;311-1;p1913831-1 100 156,311,323,325;
157 p 1 1 100 1 40 10 0;311-1;p2008255-1 100 157,311,323,325;
158 p 1 1 100 1 40 10 0;311-1;p1988467-1 100 158,311,323,325;
159 p 1 1 100 1 40 10 0;311-1;p2083387-1 100 159,311,323,325;
160 p 1 1 100 1 40 10 0;311-1;p2006009-1 100 160,311,323,325;
161 p 1 1 100 1 40 10 0;311-1;p1970406-1 100 161,311,323,325;
162 p 1 1 100 1 40 10 0;311-1;p1922085-1 100 162,311,323,325;
163 p 1 1 100 1 40 10 0;311-1;p2075938-1 100 163,311,323,325;
164 p 1 1 100 1 40 10 0;311-1;p1929041-1 100 164,311,323,325;
165 p 1 1 100 1 40 10 0;311-1;p1943023-1 100 165,311,323,325;
166 p 1 1 100 1 40 10 0;312-1;p1967997-1 100 166,312,323,325;
167 p 1 1 100 1 40 10 0;312-1;p1959779-1 100 167,312,323,325;
168 p 1 1 100 1 40 10 0;312-1;p1947315-1 100 168,312,323,325;
169 p 1 1 100 1 40 10 0;312-1;p2018923-1 100 169,312,323,325;
170 p 1 1 100 1 40 10 0;312-1;p1903616-1 100 170,312,323,325;
171 p 1 1 100 1 40 10 0;312-1;p2042940-1 100 171,312,323,325;
172 p 1 1 100 1 40 10 0;312-1;p2091097-1 100 172,312,323,325;
173 p 1 1 100 1 40 10 0;312-1;p2015056-1 100 173,312,323,325;
174 p 1 1 100 1 40 10 0;312-1;p1926326-1 100 174,312,323,325;
175 p 1 1 100 1 40 10 0;312-1;p2081797-1 100 175,312,323,325;
176 p 1 1 100 1 40 10 0;312-1;p2089611-1 100 176,312,323,325;
177 p 1 1 100 1 40 10 0;312-1;p2084238-1 100 177,312,323,325;
178 p 1 1 100 1 40 10 0;312-1;p1922593-1 100 178,312,323,325;
179 p 1 1 100 1 40 10 0;312-1;p2026872-1 100 179,312,323,325;
180 p 1 1 100 1 40 10 0;312-1;p2030800-1 100 180,312,323,325;
181 p 1 1 100 1 40 10 0;313-1;p2095171-1 100 181,313,323,325;
182 p 1 1 100 1 40 10 0;313-1;p1929571-1 100 182,313,323,325;
183 p 1 1 100 1 40 10 0;313-1;p2058813-1 100 183,313,323,325;
184 p 1 1 100 1 40 10 0;313-1;p1976955-1 100 184,313,323,325;
185 p 1 1 100 1 40 10 0;313-1;p2088260-1 100 185,313,323,325;
186 p 1 1 100 1 40 10 0;313-1;p2075010-1 100 186,313,323,325;
187 p 1 1 100 1 40 10 0;313-1;p1964411-1 100 187,313,323,325;
188 p 1 1 100 1 40 10 0;313-1;p2025827-1 100 188,313,323,325;
189 p 1 1 100 1 40 10 0;313-1;p1938440-1 100 189,313,323,325;
190 p 1 1 100 1 40 10 0;313-1;p1942183-1 100 190,313,323,325;
191 p 1 1 100 1 40 10 0;313-1;p2060136-1 100 191,313,323,325;
192 p 1 1 100 1 40 10 0;313-1;p2017190-1 100 192,313,323,325;
193 p 1 1 100 1 40 10 0;313-1;p2037142-1 100 193,313,323,325;
194 p 1 1 100 1 40 10 0;313-1;p1919376-1 100 194,313,323,325;
195 p 1 1 100 1 40 10 0;313-1;p2008864-1 100 195,313,323,325;
196 p 1 1 100 1 40 10 0;314-1;p1961727-1 100 196,314,323,325;
197 p 1 1 100 1 40 10 0;314-1;p2019100-1 100 197,314,323,325;
198 p 1 1 100 1 40 10 0;314-1;p2011920-1 100 198,314,323,325;
199 p 1 1 100 1 40 10 0;314-1;p1995972-1 100 199,314,323,325;
200 p 1 1 100 1 40 10 0;314-1;p1903526-1 100 200,314,323,325;
201 p 1 1 100 1 40 10 0;314-1;p2094227-1 100 201,314,323,325;
202 p 1 1 100 1 40 10 0;314-1;p1928359-1 100 202,314,323,325;
203 p 1 1 100 1 40 10 0;314-1;p1900092-1 100 203,314,323,325;
204 p 1 1 100 1 40 10 0;314-1;p2048617-1 100 204,314,323,325;
205 p 1 1 100 1 40 10 0;314-1;p1979056-1 100 205,314,323,325;
206 p 1 1 100 1 40 10 0;314-1;p2017109-1 100 206,314,323,325;
207 p 1 1 100 1 40 10 0;314-1;p2028320-1 100 207,314,323,325;
208 p 1 1 100 1 40 10 0;314-1;p1903628-1 100 208,314,323,325;
209 p 1 1 100 1 40 10 0;314-1;p2082968-1 100 209,314,323,325;
210 p 1 1 100 1 40 10 0;314-1;p2040855-1 100 210,314,323,325;
211 p 1 1 100 1 40 10 0;315-1;p2011695-1 100 211,315,323,325;
212 p 1 1 100 1 40 10 0;315-1;p1965656-1 100 212,315,323,325;
213 p 1 1 100 1 40 10 0;315-1;p2004752-1 100 213,315,323,325;
214 p 1 1 100 1 40 10 0;315-1;p2000672-1 100 214,315,323,325;
215 p 1 1 100 1 40 10 0;315-1;p2047716-1 100 215,315,323,325;
216 p 1 1 100 1 40 10 0;315-1;p2021064-1 100 216,315,323,325;
217 p 1 1 100 1 40 10 0;315-1;p2000492-1 100 217,315,323,325;
218 p 1 1 100 1 40 10 0;315-1;p1974004-1 100 218,315,323,325;
219 p 1 1 100 1 40 10 0;315-1;p2001940-1 100 219,315,323,325;
220 p 1 1 100 1 40 10 0;315-1;p2091320-1 100 220,315,323,325;
221 p 1 1 100 1 40 10 0;315-1;p2050150-1 100 221,315,323,325;
222 p 1 1 100 1 40 10 0;315-1;p1973791-1 100 222,315,323,325;
223 p 1 1 100 1 40 10 0;315-1;p1902692-1 100 223,315,323,325;
224 p 1 1 100 1 40 10 0;315-1;p2057435-1 100 224,315,323,325;
225 p 1 1 100 1 40 10 0;315-1;p2062831-1 100 225,315,323,325;
226 p 1 1 100 1 40 10 0;316-1;p1982944-1 100 226,316,324,325;
227 p 1 1 100 1 40 10 0;316-1;p2038347-1 100 227,316,324,325;
228 p 1 1 100 1 40 10 0;316-1;p2063291-1 100 228,316,324,325;
229 p 1 1 100 1 40 10 0;316-1;p2074576-1 100 229,316,324,325;
230 p 1 1 100 1 40 10 0;316-1;p2083959-1 100 230,316,324,325;
231 p 1 1 100 1 40 10 0;316-1;p2077383-1 100 231,316,324,325;
232 p 1 1 100 1 40 10 0;316-1;p1967513-1 100 232,316,324,325;
233 p 1 1 100 1 40 10 0;316-1;p1937741-1 100 233,316,324,325;
234 p 1 1 100 1 40 10 0;316-1;p1932080-1 100 234,316,324,325;
235 p 1 1 100 1 40 10 0;316-1;p2036403-1 100 235,316,324,325;
236 p 1 1 100 1 40 10 0;316-1;p1924429-1 100 236,316,324,325;
237 p 1 1 100 1 40 10 0;316-1;p1951024-1 100 237,316,324,325;
238 p 1 1 100 1 40 10 0;316-1;p2012524-1 100 238,316,324,325;
239 p 1 1 100 1 40 10 0;316-1;p1922135-1 100 239,316,324,325;
240 p 1 1 100 1 40 10 0;316-1;p2036625-1 100 240,316,324,325;
241 p 1 1 100 1 40 10 0;317-1;p2060836-1 100 241,317,324,325;
242 p 1 1 100 1 40 10 0;317-1;p2055829-1 100 242,317,324,325;
243 p 1 1 100 1 40 10 0;317-1;p1944095-1 100 243,317,324,325;
244 p 1 1 100 1 40 10 0;317-1;p2052736-1 100 244,317,324,325;
245 p 1 1 100 1 40 10 0;317-1;p1987515-1 100 245,317,324,325;
246 p 1 1 100 1 40 10 0;317-1;p1907950-1 100 246,317,324,325;
247 p 1 1 100 1 40 10 0;317-1;p2077287-1 100 247,317,324,325;
248 p 1 1 100 1 40 10 0;317-1;p2064421-1 100 248,317,324,325;
249 p 1 1 100 1 40 10 0;317-1;p1940452-1 100 249,317,324,325;
250 p 1 1 100 1 40 10 0;317-1;p2068962-1 100 250,317,324,325;
251 p 1 1 100 1 40 10 0;317-1;p1990635-1 100 251,317,324,325;
252 p 1 1 100 1 40 10 0;317-1;p1952538-1 100 252,317,324,325;
253 p 1 1 100 1 40 10 0;317-1;p1998432-1 100 253,317,324,325;
254 p 1 1 100 1 40 10 0;317-1;p1941218-1 100 254,317,324,325;
255 p 1 1 100 1 40 10 0;317-1;p2011039-1 100 255,317,324,325;
256 p 1 1 100 1 40 10 0;318-1;p2011135-1 100 256,318,324,325;
257 p 1 1 100 1 40 10 0;318-1;p2047725-1 100 257,318,324,325;
258 p 1 1 100 1 40 10 0;318-1;p1928501-1 100 258,318,324,325;
259 p 1 1 100 1 40 10 0;318-1;p1998017-1 100 259,318,324,325;
260 p 1 1 100 1 40 10 0;318-1;p2045350-1 100 260,318,324,325;
261 p 1 1 100 1 40 10 0;318-1;p1969175-1 100 261,318,324,325;
262 p 1 1 100 1 40 10 0;318-1;p1970051-1 100 262,318,324,325;
263 p 1 1 100 1 40 10 0;318-1;p2085780-1 100 263,318,324,325;
264 p 1 1 100 1 40 10 0;318-1;p2033814-1 100 264,318,324,325;
265 p 1 1 100 1 40 10 0;318-1;p2076191-1 100 265,318,324,325;
266 p 1 1 100 1 40 10 0;318-1;p2037684-1 100 266,318,324,325;
267 p 1 1 100 1 40 10 0;318-1;p1939719-1 100 267,318,324,325;
268 p 1 1 100 1 40 10 0;318-1;p1949023-1 100 268,318,324,325;
269 p 1 1 100 1 40 10 0;318-1;p2083721-1 100 269,318,324,325;
270 p 1 1 100 1 40 10 0;318-1;p1993893-1 100 270,318,324,325;
271 p 1 1 100 1 40 10 0;319-1;p2077691-1 100 271,319,324,325;
272 p 1 1 100 1 40 10 0;319-1;p1937254-1 100 272,319,324,325;
273 p 1 1 100 1 40 10 0;319-1;p2081608-1 100 273,319,324,325;
274 p 1 1 100 1 40 10 0;319-1;p2017033-1 100 274,319,324,325;
275 p 1 1 100 1 40 10 0;319-1;p2060616-1 100 275,319,324,325;
276 p 1 1 100 1 40 10 0;319-1;p1988392-1 100 276,319,324,325;
277 p 1 1 100 1 40 10 0;319-1;p1933999-1 100 277,319,324,325;
278 p 1 1 100 1 40 10 0;319-1;p1960045-1 100 278,319,324,325;
279 p 1 1 100 1 40 10 0;319-1;p1943991-1 100 279,319,324,325;
280 p 1 1 100 1 40 10 0;319-1;p1913064-1 100 280,319,324,325;
281 p 1 1 100 1 40 10 0;319-1;p1994656-1 100 281,319,324,325;
282 p 1 1 100 1 40 10 0;319-1;p1950849-1 100 282,319,324,325;
283 p 1 1 100 1 40 10 0;319-1;p2015510-1 100 283,319,324,325;
284 p 1 1 100 1 40 10 0;319-1;p2047313-1 100 284,319,324,325;
285 p 1 1 100 1 40 10 0;319-1;p2025884-1 100 285,319,324,325;
286 p 1 1 100 1 40 10 0;320-1;p2013382-1 100 286,320,324,325;
287 p 1 1 100 1 40 10 0;320-1;p2058213-1 100 287,320,324,325;
288 p 1 1 100 1 40 10 0;320-1;p2055187-1 100 288,320,324,325;
289 p 1 1 100 1 40 10 0;320-1;p1991481-1 100 289,320,324,325;
290 p 1 1 100 1 40 10 0;320-1;p1929244-1 100 290,320,324,325;
291 p 1 1 100 1 40 10 0;320-1;p1963567-1 100 291,320,324,325;
292 p 1 1 100 1 40 10 0;320-1;p2058734-1 100 292,320,324,325;
293 p 1 1 100 1 40 10 0;320-1;p2065731-1 100 293,320,324,325;
294 p 1 1 100 1 40 10 0;320-1;p1920732-1 100 294,320,324,325;
295 p 1 1 100 1 40 10 0;320-1;p1965479-1 100 295,320,324,325;
296 p 1 1 100 1 40 10 0;320-1;p2001818-1 100 296,320,324,325;
297 p 1 1 100 1 40 10 0;320-1;p1922628-1 100 297,320,324,325;
298 p 1 1 100 1 40 10 0;320-1;p2007839-1 100 298,320,324,325;
299 p 1 1 100 1 40 10 0;320-1;p2008905-1 100 299,320,324,325;
300 p 1 1 100 1 40 10 0;320-1;p1963989-1 100 300,320,324,325;
301 p 1000 1 100 1000 1000 200 0;1-1,2-1,3-1,4-1,5-1,6-1,7-1,8-1,9-1,10-1,11-1,12-1,13-1,14-1,15-1,321-2;
302 p 1000 1 100 1000 1000 200 0;16-1,17-1,18-1,19-1,20-1,21-1,22-1,23-1,24-1,25-1,26-1,27-1,28-1,29-1,30-1,321-2;
303 p 1000 1 100 1000 1000 200 0;31-1,32-1,33-1,34-1,35-1,36-1,37-1,38-1,39-1,40-1,41-1,42-1,43-1,44-1,45-1,321-2;
304 p 1000 1 100 1000 1000 200 0;46-1,47-1,48-1,49-1,50-1,51-1,52-1,53-1,54-1,55-1,56-1,57-1,58-1,59-1,60-1,321-2;
305 p 1000 1 100 1000 1000 200 0;61-1,62-1,63-1,64-1,65-1,66-1,67-1,68-1,69-1,70-1,71-1,72-1,73-1,74-1,75-1,321-2;
306 p 1000 1 100 1000 1000 200 0;76-1,77-1,78-1,79-1,80-1,81-1,82-1,83-1,84-1,85-1,86-1,87-1,88-1,89-1,90-1,322-2;
307 p 1000 1 100 1000 1000 200 0;91-1,92-1,93-1,94-1,95-1,96-1,97-1,98-1,99-1,100-1,101-1,102-1,103-1,104-1,105-1,322-2;
308 p 1000 1 100 1000 1000 200 0;106-1,107-1,108-1,109-1,110-1,111-1,112-1,113-1,114-1,115-1,116-1,117-1,118-1,119-1,120-1,322-2;
309 p 1000 1 100 1000 1000 200 0;121-1,122-1,123-1,124-1,125-1,126-1,127-1,128-1,129-1,130-1,131-1,132-1,133-1,134-1,135-1,322-2;
310 p 1000 1 100 1000 1000 200 0;136-1,137-1,138-1,139-1,140-1,141-1,142-1,143-1,144-1,145-1,146-1,147-1,148-1,149-1,150-1,322-2;
311 p 1000 1 100 1000 1000 200 0;151-1,152-1,153-1,154-1,155-1,156-1,157-1,158-1,159-1,160-1,161-1,162-1,163-1,164-1,165-1,323-2;
312 p 1000 1 100 1000 1000 200 0;166-1,167-1,168-1,169-1,170-1,171-1,172-1,173-1,174-1,175-1,176-1,177-1,178-1,179-1,180-1,323-2;
313 p 1000 1 100 1000 1000 200 0;181-1,182-1,183-1,184-1,185-1,186-1,187-1,188-1,189-1,190-1,191-1,192-1,193-1,194-1,195-1,323-2;
314 p 1000 1 100 1000 1000 200 0;196-1,197-1,198-1,199-1,200-1,201-1,202-1,203-1,204-1,205-1,206-1,207-1,208-1,209-1,210-1,323-2;
315 p 1000 1 100 1000 1000 200 0;211-1,212-1,213-1,214-1,215-1,216-1,217-1,218-1,219-1,220-1,221-1,222-1,223-1,224-1,225-1,323-2;
316 p 1000 1 100 1000 1000 200 0;226-1,227-1,228-1,229-1,230-1,231-1,232-1,233-1,234-1,235-1,236-1,237-1,238-1,239-1,240-1,324-2;
317 p 1000 1 100 1000 1000 200 0;241-1,242-1,243-1,244-1,245-1,246-1,247-1,248-1,249-1,250-1,251-1,252-1,253-1,254-1,255-1,324-2;
318 p 1000 1 100 1000 1000 200 0;256-1,257-1,258-1,259-1,260-1,261-1,262-1,263-1,264-1,265-1,266-1,267-1,268-1,269-1,270-1,324-2;
319 p 1000 1 100 1000 1000 200 0;271-1,272-1,273-1,274-1,275-1,276-1,277-1,278-1,279-1,280-1,281-1,282-1,283-1,284-1,285-1,324-2;
320 p 1000 1 100 1000 1000 200 0;286-1,287-1,288-1,289-1,290-1,291-1,292-1,293-1,294-1,295-1,296-1,297-1,298-1,299-1,300-1,324-2;
321 p 10000 1 100 10000 8000 1200 0;301-2,302-2,303-2,304-2,305-2,325-3;
322 p 10000 1 100 10000 8000 1200 0;306-2,307-2,308-2,309-2,310-2,325-3;
323 p 10000 1 100 10000 8000 1200 0;311-2,312-2,313-2,314-2,315-2,325-3;
324 p 10000 1 100 10000 8000 1200 0;316-2,317-2,318-2,319-2,320-2,325-3;
325 p 1000000 1 100 1000000 10000 3000 0;321-3,322-3,323-3,324-3;
0 0
