1 p 1 1 100 1 40 10 0;101-1;p2000109-1 100 1,101,121,125;
2 p 1 1 100 1 40 10 0;101-1;p2000109-1 100 2,101,121,125;
3 p 1 1 100 1 40 10 0;101-1;p2000109-1 100 3,101,121,125;
4 p 1 1 100 1 40 10 0;101-1;p2000109-1 100 4,101,121,125;
5 p 1 1 100 1 40 10 0;101-1;p2000109-1 100 5,101,121,125;
6 p 1 1 100 1 40 10 0;102-1;p2000091-1 100 6,102,121,125;
7 p 1 1 100 1 40 10 0;102-1;p2000151-1 100 7,102,121,125;
8 p 1 1 100 1 40 10 0;102-1;p1999807-1 100 8,102,121,125;
9 p 1 1 100 1 40 10 0;102-1;p1999894-1 100 9,102,121,125;
10 p 1 1 100 1 40 10 0;102-1;p2000163-1 100 10,102,121,125;
11 p 1 1 100 1 40 10 0;103-1;p2000051-1 100 11,103,121,125;
12 p 1 1 100 1 40 10 0;103-1;p2000199-1 100 12,103,121,125;
13 p 1 1 100 1 40 10 0;103-1;p2000048-1 100 13,103,121,125;
14 p 1 1 100 1 40 10 0;103-1;p2000074-1 100 14,103,121,125;
15 p 1 1 100 1 40 10 0;103-1;p2000003-1 100 15,103,121,125;
16 p 1 1 100 1 40 10 0;104-1;p2000172-1 100 16,104,121,125;
17 p 1 1 100 1 40 10 0;104-1;p1999987-1 100 17,104,121,125;
18 p 1 1 100 1 40 10 0;104-1;p1999988-1 100 18,104,121,125;
19 p 1 1 100 1 40 10 0;104-1;p1999828-1 100 19,104,121,125;
20 p 1 1 100 1 40 10 0;104-1;p2000085-1 100 20,104,121,125;
21 p 1 1 100 1 40 10 0;105-1;p1999967-1 100 21,105,121,125;
22 p 1 1 100 1 40 10 0;105-1;p1999931-1 100 22,105,121,125;
23 p 1 1 100 1 40 10 0;105-1;p2000198-1 100 23,105,121,125;
24 p 1 1 100 1 40 10 0;105-1;p2000111-1 100 24,105,121,125;
25 p 1 1 100 1 40 10 0;105-1;p1999975-1 100 25,105,121,125;
26 p 1 1 100 1 40 10 0;106-1;p2000124-1 100 26,106,122,125;
27 p 1 1 100 1 40 10 0;106-1;p2000148-1 100 27,106,122,125;
28 p 1 1 100 1 40 10 0;106-1;p1999926-1 100 28,106,122,125;
29 p 1 1 100 1 40 10 0;106-1;p1999830-1 100 29,106,122,125;
30 p 1 1 100 1 40 10 0;106-1;p1999837-1 100 30,106,122,125;
31 p 1 1 100 1 40 10 0;107-1;p1999838-1 100 31,107,122,125;
32 p 1 1 100 1 40 10 0;107-1;p2000159-1 100 32,107,122,125;
33 p 1 1 100 1 40 10 0;107-1;p1999861-1 100 33,107,122,125;
34 p 1 1 100 1 40 10 0;107-1;p2000102-1 100 34,107,122,125;
35 p 1 1 100 1 40 10 0;107-1;p2000162-1 100 35,107,122,125;
36 p 1 1 100 1 40 10 0;108-1;p2000094-1 100 36,108,122,125;
37 p 1 1 100 1 40 10 0;108-1;p2000168-1 100 37,108,122,125;
38 p 1 1 100 1 40 10 0;108-1;p1999813-1 100 38,108,122,125;
39 p 1 1 100 1 40 10 0;108-1;p1999969-1 100 39,108,122,125;
40 p 1 1 100 1 40 10 0;108-1;p2000184-1 100 40,108,122,125;
41 p 1 1 100 1 40 10 0;109-1;p2000141-1 100 41,109,122,125;
42 p 1 1 100 1 40 10 0;109-1;p1999830-1 100 42,109,122,125;
43 p 1 1 100 1 40 10 0;109-1;p2000074-1 100 43,109,122,125;
44 p 1 1 100 1 40 10 0;109-1;p1999940-1 100 44,109,122,125;
45 p 1 1 100 1 40 10 0;109-1;p2000079-1 100 45,109,122,125;
46 p 1 1 100 1 40 10 0;110-1;p2000195-1 100 46,110,122,125;
47 p 1 1 100 1 40 10 0;110-1;p2000148-1 100 47,110,122,125;
48 p 1 1 100 1 40 10 0;110-1;p1999910-1 100 48,110,122,125;
49 p 1 1 100 1 40 10 0;110-1;p1999987-1 100 49,110,122,125;
50 p 1 1 100 1 40 10 0;110-1;p2000153-1 100 50,110,122,125;
51 p 1 1 100 1 40 10 0;111-1;p1999822-1 100 51,111,123,125;
52 p 1 1 100 1 40 10 0;111-1;p2000178-1 100 52,111,123,125;
53 p 1 1 100 1 40 10 0;111-1;p1999825-1 100 53,111,123,125;
54 p 1 1 100 1 40 10 0;111-1;p2000024-1 100 54,111,123,125;
55 p 1 1 100 1 40 10 0;111-1;p2000123-1 100 55,111,123,125;
56 p 1 1 100 1 40 10 0;112-1;p1999878-1 100 56,112,123,125;
57 p 1 1 100 1 40 10 0;112-1;p1999837-1 100 57,112,123,125;
58 p 1 1 100 1 40 10 0;112-1;p2000191-1 100 58,112,123,125;
59 p 1 1 100 1 40 10 0;112-1;p1999852-1 100 59,112,123,125;
60 p 1 1 100 1 40 10 0;112-1;p1999949-1 100 60,112,123,125;
61 p 1 1 100 1 40 10 0;113-1;p2000051-1 100 61,113,123,125;
62 p 1 1 100 1 40 10 0;113-1;p2000132-1 100 62,113,123,125;
63 p 1 1 100 1 40 10 0;113-1;p2000104-1 100 63,113,123,125;
64 p 1 1 100 1 40 10 0;113-1;p2000104-1 100 64,113,123,125;
65 p 1 1 100 1 40 10 0;113-1;p2000134-1 100 65,113,123,125;
66 p 1 1 100 1 40 10 0;114-1;p2000170-1 100 66,114,123,125;
67 p 1 1 100 1 40 10 0;114-1;p2000098-1 100 67,114,123,125;
68 p 1 1 100 1 40 10 0;114-1;p2000104-1 100 68,114,123,125;
69 p 1 1 100 1 40 10 0;114-1;p1999958-1 100 69,114,123,125;
70 p 1 1 100 1 40 10 0;114-1;p1999971-1 100 70,114,123,125;
71 p 1 1 100 1 40 10 0;115-1;p2000191-1 100 71,115,123,125;
72 p 1 1 100 1 40 10 0;115-1;p1999882-1 100 72,115,123,125;
73 p 1 1 100 1 40 10 0;115-1;p2000089-1 100 73,115,123,125;
74 p 1 1 100 1 40 10 0;115-1;p1999953-1 100 74,115,123,125;
75 p 1 1 100 1 40 10 0;115-1;p2000042-1 100 75,115,123,125;
76 p 1 1 100 1 40 10 0;116-1;p1999891-1 100 76,116,124,125;
77 p 1 1 100 1 40 10 0;116-1;p1999885-1 100 77,116,124,125;
78 p 1 1 100 1 40 10 0;116-1;p1999907-1 100 78,116,124,125;
79 p 1 1 100 1 40 10 0;116-1;p1999956-1 100 79,116,124,125;
80 p 1 1 100 1 40 10 0;116-1;p2000166-1 100 80,116,124,125;
81 p 1 1 100 1 40 10 0;117-1;p1999974-1 100 81,117,124,125;
82 p 1 1 100 1 40 10 0;117-1;p1999946-1 100 82,117,124,125;
83 p 1 1 100 1 40 10 0;117-1;p2000165-1 100 83,117,124,125;
84 p 1 1 100 1 40 10 0;117-1;p1999946-1 100 84,117,124,125;
85 p 1 1 100 1 40 10 0;117-1;p1999819-1 100 85,117,124,125;
86 p 1 1 100 1 40 10 0;118-1;p1999923-1 100 86,118,124,125;
87 p 1 1 100 1 40 10 0;118-1;p2000155-1 100 87,118,124,125;
88 p 1 1 100 1 40 10 0;118-1;p1999846-1 100 88,118,124,125;
89 p 1 1 100 1 40 10 0;118-1;p1999973-1 100 89,118,124,125;
90 p 1 1 100 1 40 10 0;118-1;p2000135-1 100 90,118,124,125;
91 p 1 1 100 1 40 10 0;119-1;p2000111-1 100 91,119,124,125;
92 p 1 1 100 1 40 10 0;119-1;p1999854-1 100 92,119,124,125;
93 p 1 1 100 1 40 10 0;119-1;p2000126-1 100 93,119,124,125;
94 p 1 1 100 1 40 10 0;119-1;p1999814-1 100 94,119,124,125;
95 p 1 1 100 1 40 10 0;119-1;p2000127-1 100 95,119,124,125;
96 p 1 1 100 1 40 10 0;120-1;p1999942-1 100 96,120,124,125;
97 p 1 1 100 1 40 10 0;120-1;p2000075-1 100 97,120,124,125;
98 p 1 1 100 1 40 10 0;120-1;p2000055-1 100 98,120,124,125;
99 p 1 1 100 1 40 10 0;120-1;p2000087-1 100 99,120,124,125;
100 p 1 1 100 1 40 10 0;120-1;p2000059-1 100 100,120,124,125;
101 c 1000 1 100 1000 1000 200 0;1-1,2-1,3-1,4-1,5-1,126-1,127-1,128-1,129-1,130-1,131-1,132-1,133-1,134-1,135-1,136-1,137-1,138-1,139-1,140-1,141-1,142-1,143-1,144-1,145-1,146-1,147-1,148-1,149-1,150-1,151-1,152-1,153-1,154-1,155-1,156-1,157-1,158-1,159-1,160-1,161-1,162-1,163-1,164-1,165-1,166-1,167-1,168-1,169-1,170-1,121-2;
102 c 1000 1 100 1000 1000 200 0;6-1,7-1,8-1,9-1,10-1,171-1,172-1,173-1,174-1,175-1,176-1,177-1,178-1,179-1,180-1,181-1,182-1,183-1,184-1,185-1,186-1,187-1,188-1,189-1,190-1,191-1,192-1,193-1,194-1,195-1,196-1,197-1,198-1,199-1,200-1,201-1,202-1,203-1,204-1,205-1,206-1,207-1,208-1,209-1,210-1,211-1,212-1,213-1,214-1,215-1,121-2;
103 c 1000 1 100 1000 1000 200 0;11-1,12-1,13-1,14-1,15-1,216-1,217-1,218-1,219-1,220-1,221-1,222-1,223-1,224-1,225-1,226-1,227-1,228-1,229-1,230-1,231-1,232-1,233-1,234-1,235-1,236-1,237-1,238-1,239-1,240-1,241-1,242-1,243-1,244-1,245-1,246-1,247-1,248-1,249-1,250-1,251-1,252-1,253-1,254-1,255-1,256-1,257-1,258-1,259-1,260-1,121-2;
104 c 1000 1 100 1000 1000 200 0;16-1,17-1,18-1,19-1,20-1,261-1,262-1,263-1,264-1,265-1,266-1,267-1,268-1,269-1,270-1,271-1,272-1,273-1,274-1,275-1,276-1,277-1,278-1,279-1,280-1,281-1,282-1,283-1,284-1,285-1,286-1,287-1,288-1,289-1,290-1,291-1,292-1,293-1,294-1,295-1,296-1,297-1,298-1,299-1,300-1,301-1,302-1,303-1,304-1,305-1,121-2;
105 c 1000 1 100 1000 1000 200 0;21-1,22-1,23-1,24-1,25-1,306-1,307-1,308-1,309-1,310-1,311-1,312-1,313-1,314-1,315-1,316-1,317-1,318-1,319-1,320-1,321-1,322-1,323-1,324-1,325-1,326-1,327-1,328-1,329-1,330-1,331-1,332-1,333-1,334-1,335-1,336-1,337-1,338-1,339-1,340-1,341-1,342-1,343-1,344-1,345-1,346-1,347-1,348-1,349-1,350-1,121-2;
106 c 1000 1 100 1000 1000 200 0;26-1,27-1,28-1,29-1,30-1,351-1,352-1,353-1,354-1,355-1,356-1,357-1,358-1,359-1,360-1,361-1,362-1,363-1,364-1,365-1,366-1,367-1,368-1,369-1,370-1,371-1,372-1,373-1,374-1,375-1,376-1,377-1,378-1,379-1,380-1,381-1,382-1,383-1,384-1,385-1,386-1,387-1,388-1,389-1,390-1,391-1,392-1,393-1,394-1,395-1,122-2;
107 c 1000 1 100 1000 1000 200 0;31-1,32-1,33-1,34-1,35-1,396-1,397-1,398-1,399-1,400-1,401-1,402-1,403-1,404-1,405-1,406-1,407-1,408-1,409-1,410-1,411-1,412-1,413-1,414-1,415-1,416-1,417-1,418-1,419-1,420-1,421-1,422-1,423-1,424-1,425-1,426-1,427-1,428-1,429-1,430-1,431-1,432-1,433-1,434-1,435-1,436-1,437-1,438-1,439-1,440-1,122-2;
108 c 1000 1 100 1000 1000 200 0;36-1,37-1,38-1,39-1,40-1,441-1,442-1,443-1,444-1,445-1,446-1,447-1,448-1,449-1,450-1,451-1,452-1,453-1,454-1,455-1,456-1,457-1,458-1,459-1,460-1,461-1,462-1,463-1,464-1,465-1,466-1,467-1,468-1,469-1,470-1,471-1,472-1,473-1,474-1,475-1,476-1,477-1,478-1,479-1,480-1,481-1,482-1,483-1,484-1,485-1,122-2;
109 c 1000 1 100 1000 1000 200 0;41-1,42-1,43-1,44-1,45-1,486-1,487-1,488-1,489-1,490-1,491-1,492-1,493-1,494-1,495-1,496-1,497-1,498-1,499-1,500-1,501-1,502-1,503-1,504-1,505-1,506-1,507-1,508-1,509-1,510-1,511-1,512-1,513-1,514-1,515-1,516-1,517-1,518-1,519-1,520-1,521-1,522-1,523-1,524-1,525-1,526-1,527-1,528-1,529-1,530-1,122-2;
110 c 1000 1 100 1000 1000 200 0;46-1,47-1,48-1,49-1,50-1,531-1,532-1,533-1,534-1,535-1,536-1,537-1,538-1,539-1,540-1,541-1,542-1,543-1,544-1,545-1,546-1,547-1,548-1,549-1,550-1,551-1,552-1,553-1,554-1,555-1,556-1,557-1,558-1,559-1,560-1,561-1,562-1,563-1,564-1,565-1,566-1,567-1,568-1,569-1,570-1,571-1,572-1,573-1,574-1,575-1,122-2;
111 c 1000 1 100 1000 1000 200 0;51-1,52-1,53-1,54-1,55-1,576-1,577-1,578-1,579-1,580-1,581-1,582-1,583-1,584-1,585-1,586-1,587-1,588-1,589-1,590-1,591-1,592-1,593-1,594-1,595-1,596-1,597-1,598-1,599-1,600-1,601-1,602-1,603-1,604-1,605-1,606-1,607-1,608-1,609-1,610-1,611-1,612-1,613-1,614-1,615-1,616-1,617-1,618-1,619-1,620-1,123-2;
112 c 1000 1 100 1000 1000 200 0;56-1,57-1,58-1,59-1,60-1,621-1,622-1,623-1,624-1,625-1,626-1,627-1,628-1,629-1,630-1,631-1,632-1,633-1,634-1,635-1,636-1,637-1,638-1,639-1,640-1,641-1,642-1,643-1,644-1,645-1,646-1,647-1,648-1,649-1,650-1,651-1,652-1,653-1,654-1,655-1,656-1,657-1,658-1,659-1,660-1,661-1,662-1,663-1,664-1,665-1,123-2;
113 c 1000 1 100 1000 1000 200 0;61-1,62-1,63-1,64-1,65-1,666-1,667-1,668-1,669-1,670-1,671-1,672-1,673-1,674-1,675-1,676-1,677-1,678-1,679-1,680-1,681-1,682-1,683-1,684-1,685-1,686-1,687-1,688-1,689-1,690-1,691-1,692-1,693-1,694-1,695-1,696-1,697-1,698-1,699-1,700-1,701-1,702-1,703-1,704-1,705-1,706-1,707-1,708-1,709-1,710-1,123-2;
114 c 1000 1 100 1000 1000 200 0;66-1,67-1,68-1,69-1,70-1,711-1,712-1,713-1,714-1,715-1,716-1,717-1,718-1,719-1,720-1,721-1,722-1,723-1,724-1,725-1,726-1,727-1,728-1,729-1,730-1,731-1,732-1,733-1,734-1,735-1,736-1,737-1,738-1,739-1,740-1,741-1,742-1,743-1,744-1,745-1,746-1,747-1,748-1,749-1,750-1,751-1,752-1,753-1,754-1,755-1,123-2;
115 c 1000 1 100 1000 1000 200 0;71-1,72-1,73-1,74-1,75-1,756-1,757-1,758-1,759-1,760-1,761-1,762-1,763-1,764-1,765-1,766-1,767-1,768-1,769-1,770-1,771-1,772-1,773-1,774-1,775-1,776-1,777-1,778-1,779-1,780-1,781-1,782-1,783-1,784-1,785-1,786-1,787-1,788-1,789-1,790-1,791-1,792-1,793-1,794-1,795-1,796-1,797-1,798-1,799-1,800-1,123-2;
116 c 1000 1 100 1000 1000 200 0;76-1,77-1,78-1,79-1,80-1,801-1,802-1,803-1,804-1,805-1,806-1,807-1,808-1,809-1,810-1,811-1,812-1,813-1,814-1,815-1,816-1,817-1,818-1,819-1,820-1,821-1,822-1,823-1,824-1,825-1,826-1,827-1,828-1,829-1,830-1,831-1,832-1,833-1,834-1,835-1,836-1,837-1,838-1,839-1,840-1,841-1,842-1,843-1,844-1,845-1,124-2;
117 c 1000 1 100 1000 1000 200 0;81-1,82-1,83-1,84-1,85-1,846-1,847-1,848-1,849-1,850-1,851-1,852-1,853-1,854-1,855-1,856-1,857-1,858-1,859-1,860-1,861-1,862-1,863-1,864-1,865-1,866-1,867-1,868-1,869-1,870-1,871-1,872-1,873-1,874-1,875-1,876-1,877-1,878-1,879-1,880-1,881-1,882-1,883-1,884-1,885-1,886-1,887-1,888-1,889-1,890-1,124-2;
118 c 1000 1 100 1000 1000 200 0;86-1,87-1,88-1,89-1,90-1,891-1,892-1,893-1,894-1,895-1,896-1,897-1,898-1,899-1,900-1,901-1,902-1,903-1,904-1,905-1,906-1,907-1,908-1,909-1,910-1,911-1,912-1,913-1,914-1,915-1,916-1,917-1,918-1,919-1,920-1,921-1,922-1,923-1,924-1,925-1,926-1,927-1,928-1,929-1,930-1,931-1,932-1,933-1,934-1,935-1,124-2;
119 c 1000 1 100 1000 1000 200 0;91-1,92-1,93-1,94-1,95-1,936-1,937-1,938-1,939-1,940-1,941-1,942-1,943-1,944-1,945-1,946-1,947-1,948-1,949-1,950-1,951-1,952-1,953-1,954-1,955-1,956-1,957-1,958-1,959-1,960-1,961-1,962-1,963-1,964-1,965-1,966-1,967-1,968-1,969-1,970-1,971-1,972-1,973-1,974-1,975-1,976-1,977-1,978-1,979-1,980-1,124-2;
120 c 1000 1 100 1000 1000 200 0;96-1,97-1,98-1,99-1,100-1,981-1,982-1,983-1,984-1,985-1,986-1,987-1,988-1,989-1,990-1,991-1,992-1,993-1,994-1,995-1,996-1,997-1,998-1,999-1,1000-1,1001-1,1002-1,1003-1,1004-1,1005-1,1006-1,1007-1,1008-1,1009-1,1010-1,1011-1,1012-1,1013-1,1014-1,1015-1,1016-1,1017-1,1018-1,1019-1,1020-1,1021-1,1022-1,1023-1,1024-1,1025-1,124-2;
121 c 10000 1 100 10000 8000 1200 0;101-2,102-2,103-2,104-2,105-2,125-3;
122 c 10000 1 100 10000 8000 1200 0;106-2,107-2,108-2,109-2,110-2,125-3;
123 c 10000 1 100 10000 8000 1200 0;111-2,112-2,113-2,114-2,115-2,125-3;
124 c 10000 1 100 10000 8000 1200 0;116-2,117-2,118-2,119-2,120-2,125-3;
125 c 1000000 1 100 1000000 100000 3000 0;121-3,122-3,123-3,124-3;
126 p 1 1 100 1 40 10 0;101-1;p1999980-1 100 126,101,121,125;
127 p 1 1 100 1 40 10 0;101-1;p2000033-1 100 127,101,121,125;
128 p 1 1 100 1 40 10 0;101-1;p1999810-1 100 128,101,121,125;
129 p 1 1 100 1 40 10 0;101-1;p2000078-1 100 129,101,121,125;
130 p 1 1 100 1 40 10 0;101-1;p1999805-1 100 130,101,121,125;
131 p 1 1 100 1 40 10 0;101-1;p1999935-1 100 131,101,121,125;
132 p 1 1 100 1 40 10 0;101-1;p2000096-1 100 132,101,121,125;
133 p 1 1 100 1 40 10 0;101-1;p1999964-1 100 133,101,121,125;
134 p 1 1 100 1 40 10 0;101-1;p2000179-1 100 134,101,121,125;
135 p 1 1 100 1 40 10 0;101-1;p1999816-1 100 135,101,121,125;
136 p 1 1 100 1 40 10 0;101-1;p2000027-1 100 136,101,121,125;
137 p 1 1 100 1 40 10 0;101-1;p2000007-1 100 137,101,121,125;
138 p 1 1 100 1 40 10 0;101-1;p2000091-1 100 138,101,121,125;
139 p 1 1 100 1 40 10 0;101-1;p1999975-1 100 139,101,121,125;
140 p 1 1 100 1 40 10 0;101-1;p1999993-1 100 140,101,121,125;
141 p 1 1 100 1 40 10 0;101-1;p1999905-1 100 141,101,121,125;
142 p 1 1 100 1 40 10 0;101-1;p2000176-1 100 142,101,121,125;
143 p 1 1 100 1 40 10 0;101-1;p1999828-1 100 143,101,121,125;
144 p 1 1 100 1 40 10 0;101-1;p1999989-1 100 144,101,121,125;
145 p 1 1 100 1 40 10 0;101-1;p1999912-1 100 145,101,121,125;
146 p 1 1 100 1 40 10 0;101-1;p2000017-1 100 146,101,121,125;
147 p 1 1 100 1 40 10 0;101-1;p1999998-1 100 147,101,121,125;
148 p 1 1 100 1 40 10 0;101-1;p1999840-1 100 148,101,121,125;
149 p 1 1 100 1 40 10 0;101-1;p2000134-1 100 149,101,121,125;
150 p 1 1 100 1 40 10 0;101-1;p2000044-1 100 150,101,121,125;
151 p 1 1 100 1 40 10 0;101-1;p1999995-1 100 151,101,121,125;
152 p 1 1 100 1 40 10 0;101-1;p2000151-1 100 152,101,121,125;
153 p 1 1 100 1 40 10 0;101-1;p1999954-1 100 153,101,121,125;
154 p 1 1 100 1 40 10 0;101-1;p1999934-1 100 154,101,121,125;
155 p 1 1 100 1 40 10 0;101-1;p1999948-1 100 155,101,121,125;
156 p 1 1 100 1 40 10 0;101-1;p2000149-1 100 156,101,121,125;
157 p 1 1 100 1 40 10 0;101-1;p2000182-1 100 157,101,121,125;
158 p 1 1 100 1 40 10 0;101-1;p2000110-1 100 158,101,121,125;
159 p 1 1 100 1 40 10 0;101-1;p2000066-1 100 159,101,121,125;
160 p 1 1 100 1 40 10 0;101-1;p2000180-1 100 160,101,121,125;
161 p 1 1 100 1 40 10 0;101-1;p2000082-1 100 161,101,121,125;
162 p 1 1 100 1 40 10 0;101-1;p2000124-1 100 162,101,121,125;
163 p 1 1 100 1 40 10 0;101-1;p2000153-1 100 163,101,121,125;
164 p 1 1 100 1 40 10 0;101-1;p2000166-1 100 164,101,121,125;
165 p 1 1 100 1 40 10 0;101-1;p2000106-1 100 165,101,121,125;
166 p 1 1 100 1 40 10 0;101-1;p1999987-1 100 166,101,121,125;
167 p 1 1 100 1 40 10 0;101-1;p2000123-1 100 167,101,121,125;
168 p 1 1 100 1 40 10 0;101-1;p2000094-1 100 168,101,121,125;
169 p 1 1 100 1 40 10 0;101-1;p2000186-1 100 169,101,121,125;
170 p 1 1 100 1 40 10 0;101-1;p1999947-1 100 170,101,121,125;
171 p 1 1 100 1 40 10 0;102-1;p1999980-1 100 171,102,121,125;
172 p 1 1 100 1 40 10 0;102-1;p2000033-1 100 172,102,121,125;
173 p 1 1 100 1 40 10 0;102-1;p1999810-1 100 173,102,121,125;
174 p 1 1 100 1 40 10 0;102-1;p2000078-1 100 174,102,121,125;
175 p 1 1 100 1 40 10 0;102-1;p1999805-1 100 175,102,121,125;
176 p 1 1 100 1 40 10 0;102-1;p1999935-1 100 176,102,121,125;
177 p 1 1 100 1 40 10 0;102-1;p2000096-1 100 177,102,121,125;
178 p 1 1 100 1 40 10 0;102-1;p1999964-1 100 178,102,121,125;
179 p 1 1 100 1 40 10 0;102-1;p2000179-1 100 179,102,121,125;
180 p 1 1 100 1 40 10 0;102-1;p1999816-1 100 180,102,121,125;
181 p 1 1 100 1 40 10 0;102-1;p2000027-1 100 181,102,121,125;
182 p 1 1 100 1 40 10 0;102-1;p2000007-1 100 182,102,121,125;
183 p 1 1 100 1 40 10 0;102-1;p2000091-1 100 183,102,121,125;
184 p 1 1 100 1 40 10 0;102-1;p1999975-1 100 184,102,121,125;
185 p 1 1 100 1 40 10 0;102-1;p1999993-1 100 185,102,121,125;
186 p 1 1 100 1 40 10 0;102-1;p1999905-1 100 186,102,121,125;
187 p 1 1 100 1 40 10 0;102-1;p2000176-1 100 187,102,121,125;
188 p 1 1 100 1 40 10 0;102-1;p1999828-1 100 188,102,121,125;
189 p 1 1 100 1 40 10 0;102-1;p1999989-1 100 189,102,121,125;
190 p 1 1 100 1 40 10 0;102-1;p1999912-1 100 190,102,121,125;
191 p 1 1 100 1 40 10 0;102-1;p2000017-1 100 191,102,121,125;
192 p 1 1 100 1 40 10 0;102-1;p1999998-1 100 192,102,121,125;
193 p 1 1 100 1 40 10 0;102-1;p1999840-1 100 193,102,121,125;
194 p 1 1 100 1 40 10 0;102-1;p2000134-1 100 194,102,121,125;
195 p 1 1 100 1 40 10 0;102-1;p2000044-1 100 195,102,121,125;
196 p 1 1 100 1 40 10 0;102-1;p1999995-1 100 196,102,121,125;
197 p 1 1 100 1 40 10 0;102-1;p2000151-1 100 197,102,121,125;
198 p 1 1 100 1 40 10 0;102-1;p1999954-1 100 198,102,121,125;
199 p 1 1 100 1 40 10 0;102-1;p1999934-1 100 199,102,121,125;
200 p 1 1 100 1 40 10 0;102-1;p1999948-1 100 200,102,121,125;
201 p 1 1 100 1 40 10 0;102-1;p2000149-1 100 201,102,121,125;
202 p 1 1 100 1 40 10 0;102-1;p2000182-1 100 202,102,121,125;
203 p 1 1 100 1 40 10 0;102-1;p2000110-1 100 203,102,121,125;
204 p 1 1 100 1 40 10 0;102-1;p2000066-1 100 204,102,121,125;
205 p 1 1 100 1 40 10 0;102-1;p2000180-1 100 205,102,121,125;
206 p 1 1 100 1 40 10 0;102-1;p2000082-1 100 206,102,121,125;
207 p 1 1 100 1 40 10 0;102-1;p2000124-1 100 207,102,121,125;
208 p 1 1 100 1 40 10 0;102-1;p2000153-1 100 208,102,121,125;
209 p 1 1 100 1 40 10 0;102-1;p2000166-1 100 209,102,121,125;
210 p 1 1 100 1 40 10 0;102-1;p2000106-1 100 210,102,121,125;
211 p 1 1 100 1 40 10 0;102-1;p1999987-1 100 211,102,121,125;
212 p 1 1 100 1 40 10 0;102-1;p2000123-1 100 212,102,121,125;
213 p 1 1 100 1 40 10 0;102-1;p2000094-1 100 213,102,121,125;
214 p 1 1 100 1 40 10 0;102-1;p2000186-1 100 214,102,121,125;
215 p 1 1 100 1 40 10 0;102-1;p1999947-1 100 215,102,121,125;
216 p 1 1 100 1 40 10 0;103-1;p1999980-1 100 216,103,121,125;
217 p 1 1 100 1 40 10 0;103-1;p2000033-1 100 217,103,121,125;
218 p 1 1 100 1 40 10 0;103-1;p1999810-1 100 218,103,121,125;
219 p 1 1 100 1 40 10 0;103-1;p2000078-1 100 219,103,121,125;
220 p 1 1 100 1 40 10 0;103-1;p1999805-1 100 220,103,121,125;
221 p 1 1 100 1 40 10 0;103-1;p1999935-1 100 221,103,121,125;
222 p 1 1 100 1 40 10 0;103-1;p2000096-1 100 222,103,121,125;
223 p 1 1 100 1 40 10 0;103-1;p1999964-1 100 223,103,121,125;
224 p 1 1 100 1 40 10 0;103-1;p2000179-1 100 224,103,121,125;
225 p 1 1 100 1 40 10 0;103-1;p1999816-1 100 225,103,121,125;
226 p 1 1 100 1 40 10 0;103-1;p2000027-1 100 226,103,121,125;
227 p 1 1 100 1 40 10 0;103-1;p2000007-1 100 227,103,121,125;
228 p 1 1 100 1 40 10 0;103-1;p2000091-1 100 228,103,121,125;
229 p 1 1 100 1 40 10 0;103-1;p1999975-1 100 229,103,121,125;
230 p 1 1 100 1 40 10 0;103-1;p1999993-1 100 230,103,121,125;
231 p 1 1 100 1 40 10 0;103-1;p1999905-1 100 231,103,121,125;
232 p 1 1 100 1 40 10 0;103-1;p2000176-1 100 232,103,121,125;
233 p 1 1 100 1 40 10 0;103-1;p1999828-1 100 233,103,121,125;
234 p 1 1 100 1 40 10 0;103-1;p1999989-1 100 234,103,121,125;
235 p 1 1 100 1 40 10 0;103-1;p1999912-1 100 235,103,121,125;
236 p 1 1 100 1 40 10 0;103-1;p2000017-1 100 236,103,121,125;
237 p 1 1 100 1 40 10 0;103-1;p1999998-1 100 237,103,121,125;
238 p 1 1 100 1 40 10 0;103-1;p1999840-1 100 238,103,121,125;
239 p 1 1 100 1 40 10 0;103-1;p2000134-1 100 239,103,121,125;
240 p 1 1 100 1 40 10 0;103-1;p2000044-1 100 240,103,121,125;
241 p 1 1 100 1 40 10 0;103-1;p1999995-1 100 241,103,121,125;
242 p 1 1 100 1 40 10 0;103-1;p2000151-1 100 242,103,121,125;
243 p 1 1 100 1 40 10 0;103-1;p1999954-1 100 243,103,121,125;
244 p 1 1 100 1 40 10 0;103-1;p1999934-1 100 244,103,121,125;
245 p 1 1 100 1 40 10 0;103-1;p1999948-1 100 245,103,121,125;
246 p 1 1 100 1 40 10 0;103-1;p2000149-1 100 246,103,121,125;
247 p 1 1 100 1 40 10 0;103-1;p2000182-1 100 247,103,121,125;
248 p 1 1 100 1 40 10 0;103-1;p2000110-1 100 248,103,121,125;
249 p 1 1 100 1 40 10 0;103-1;p2000066-1 100 249,103,121,125;
250 p 1 1 100 1 40 10 0;103-1;p2000180-1 100 250,103,121,125;
251 p 1 1 100 1 40 10 0;103-1;p2000082-1 100 251,103,121,125;
252 p 1 1 100 1 40 10 0;103-1;p2000124-1 100 252,103,121,125;
253 p 1 1 100 1 40 10 0;103-1;p2000153-1 100 253,103,121,125;
254 p 1 1 100 1 40 10 0;103-1;p2000166-1 100 254,103,121,125;
255 p 1 1 100 1 40 10 0;103-1;p2000106-1 100 255,103,121,125;
256 p 1 1 100 1 40 10 0;103-1;p1999987-1 100 256,103,121,125;
257 p 1 1 100 1 40 10 0;103-1;p2000123-1 100 257,103,121,125;
258 p 1 1 100 1 40 10 0;103-1;p2000094-1 100 258,103,121,125;
259 p 1 1 100 1 40 10 0;103-1;p2000186-1 100 259,103,121,125;
260 p 1 1 100 1 40 10 0;103-1;p1999947-1 100 260,103,121,125;
261 p 1 1 100 1 40 10 0;104-1;p1999980-1 100 261,104,121,125;
262 p 1 1 100 1 40 10 0;104-1;p2000033-1 100 262,104,121,125;
263 p 1 1 100 1 40 10 0;104-1;p1999810-1 100 263,104,121,125;
264 p 1 1 100 1 40 10 0;104-1;p2000078-1 100 264,104,121,125;
265 p 1 1 100 1 40 10 0;104-1;p1999805-1 100 265,104,121,125;
266 p 1 1 100 1 40 10 0;104-1;p1999935-1 100 266,104,121,125;
267 p 1 1 100 1 40 10 0;104-1;p2000096-1 100 267,104,121,125;
268 p 1 1 100 1 40 10 0;104-1;p1999964-1 100 268,104,121,125;
269 p 1 1 100 1 40 10 0;104-1;p2000179-1 100 269,104,121,125;
270 p 1 1 100 1 40 10 0;104-1;p1999816-1 100 270,104,121,125;
271 p 1 1 100 1 40 10 0;104-1;p2000027-1 100 271,104,121,125;
272 p 1 1 100 1 40 10 0;104-1;p2000007-1 100 272,104,121,125;
273 p 1 1 100 1 40 10 0;104-1;p2000091-1 100 273,104,121,125;
274 p 1 1 100 1 40 10 0;104-1;p1999975-1 100 274,104,121,125;
275 p 1 1 100 1 40 10 0;104-1;p1999993-1 100 275,104,121,125;
276 p 1 1 100 1 40 10 0;104-1;p1999905-1 100 276,104,121,125;
277 p 1 1 100 1 40 10 0;104-1;p2000176-1 100 277,104,121,125;
278 p 1 1 100 1 40 10 0;104-1;p1999828-1 100 278,104,121,125;
279 p 1 1 100 1 40 10 0;104-1;p1999989-1 100 279,104,121,125;
280 p 1 1 100 1 40 10 0;104-1;p1999912-1 100 280,104,121,125;
281 p 1 1 100 1 40 10 0;104-1;p2000017-1 100 281,104,121,125;
282 p 1 1 100 1 40 10 0;104-1;p1999998-1 100 282,104,121,125;
283 p 1 1 100 1 40 10 0;104-1;p1999840-1 100 283,104,121,125;
284 p 1 1 100 1 40 10 0;104-1;p2000134-1 100 284,104,121,125;
285 p 1 1 100 1 40 10 0;104-1;p2000044-1 100 285,104,121,125;
286 p 1 1 100 1 40 10 0;104-1;p1999995-1 100 286,104,121,125;
287 p 1 1 100 1 40 10 0;104-1;p2000151-1 100 287,104,121,125;
288 p 1 1 100 1 40 10 0;104-1;p1999954-1 100 288,104,121,125;
289 p 1 1 100 1 40 10 0;104-1;p1999934-1 100 289,104,121,125;
290 p 1 1 100 1 40 10 0;104-1;p1999948-1 100 290,104,121,125;
291 p 1 1 100 1 40 10 0;104-1;p2000149-1 100 291,104,121,125;
292 p 1 1 100 1 40 10 0;104-1;p2000182-1 100 292,104,121,125;
293 p 1 1 100 1 40 10 0;104-1;p2000110-1 100 293,104,121,125;
294 p 1 1 100 1 40 10 0;104-1;p2000066-1 100 294,104,121,125;
295 p 1 1 100 1 40 10 0;104-1;p2000180-1 100 295,104,121,125;
296 p 1 1 100 1 40 10 0;104-1;p2000082-1 100 296,104,121,125;
297 p 1 1 100 1 40 10 0;104-1;p2000124-1 100 297,104,121,125;
298 p 1 1 100 1 40 10 0;104-1;p2000153-1 100 298,104,121,125;
299 p 1 1 100 1 40 10 0;104-1;p2000166-1 100 299,104,121,125;
300 p 1 1 100 1 40 10 0;104-1;p2000106-1 100 300,104,121,125;
301 p 1 1 100 1 40 10 0;104-1;p1999987-1 100 301,104,121,125;
302 p 1 1 100 1 40 10 0;104-1;p2000123-1 100 302,104,121,125;
303 p 1 1 100 1 40 10 0;104-1;p2000094-1 100 303,104,121,125;
304 p 1 1 100 1 40 10 0;104-1;p2000186-1 100 304,104,121,125;
305 p 1 1 100 1 40 10 0;104-1;p1999947-1 100 305,104,121,125;
306 p 1 1 100 1 40 10 0;105-1;p1999980-1 100 306,105,121,125;
307 p 1 1 100 1 40 10 0;105-1;p2000033-1 100 307,105,121,125;
308 p 1 1 100 1 40 10 0;105-1;p1999810-1 100 308,105,121,125;
309 p 1 1 100 1 40 10 0;105-1;p2000078-1 100 309,105,121,125;
310 p 1 1 100 1 40 10 0;105-1;p1999805-1 100 310,105,121,125;
311 p 1 1 100 1 40 10 0;105-1;p1999935-1 100 311,105,121,125;
312 p 1 1 100 1 40 10 0;105-1;p2000096-1 100 312,105,121,125;
313 p 1 1 100 1 40 10 0;105-1;p1999964-1 100 313,105,121,125;
314 p 1 1 100 1 40 10 0;105-1;p2000179-1 100 314,105,121,125;
315 p 1 1 100 1 40 10 0;105-1;p1999816-1 100 315,105,121,125;
316 p 1 1 100 1 40 10 0;105-1;p2000027-1 100 316,105,121,125;
317 p 1 1 100 1 40 10 0;105-1;p2000007-1 100 317,105,121,125;
318 p 1 1 100 1 40 10 0;105-1;p2000091-1 100 318,105,121,125;
319 p 1 1 100 1 40 10 0;105-1;p1999975-1 100 319,105,121,125;
320 p 1 1 100 1 40 10 0;105-1;p1999993-1 100 320,105,121,125;
321 p 1 1 100 1 40 10 0;105-1;p1999905-1 100 321,105,121,125;
322 p 1 1 100 1 40 10 0;105-1;p2000176-1 100 322,105,121,125;
323 p 1 1 100 1 40 10 0;105-1;p1999828-1 100 323,105,121,125;
324 p 1 1 100 1 40 10 0;105-1;p1999989-1 100 324,105,121,125;
325 p 1 1 100 1 40 10 0;105-1;p1999912-1 100 325,105,121,125;
326 p 1 1 100 1 40 10 0;105-1;p2000017-1 100 326,105,121,125;
327 p 1 1 100 1 40 10 0;105-1;p1999998-1 100 327,105,121,125;
328 p 1 1 100 1 40 10 0;105-1;p1999840-1 100 328,105,121,125;
329 p 1 1 100 1 40 10 0;105-1;p2000134-1 100 329,105,121,125;
330 p 1 1 100 1 40 10 0;105-1;p2000044-1 100 330,105,121,125;
331 p 1 1 100 1 40 10 0;105-1;p1999995-1 100 331,105,121,125;
332 p 1 1 100 1 40 10 0;105-1;p2000151-1 100 332,105,121,125;
333 p 1 1 100 1 40 10 0;105-1;p1999954-1 100 333,105,121,125;
334 p 1 1 100 1 40 10 0;105-1;p1999934-1 100 334,105,121,125;
335 p 1 1 100 1 40 10 0;105-1;p1999948-1 100 335,105,121,125;
336 p 1 1 100 1 40 10 0;105-1;p2000149-1 100 336,105,121,125;
337 p 1 1 100 1 40 10 0;105-1;p2000182-1 100 337,105,121,125;
338 p 1 1 100 1 40 10 0;105-1;p2000110-1 100 338,105,121,125;
339 p 1 1 100 1 40 10 0;105-1;p2000066-1 100 339,105,121,125;
340 p 1 1 100 1 40 10 0;105-1;p2000180-1 100 340,105,121,125;
341 p 1 1 100 1 40 10 0;105-1;p2000082-1 100 341,105,121,125;
342 p 1 1 100 1 40 10 0;105-1;p2000124-1 100 342,105,121,125;
343 p 1 1 100 1 40 10 0;105-1;p2000153-1 100 343,105,121,125;
344 p 1 1 100 1 40 10 0;105-1;p2000166-1 100 344,105,121,125;
345 p 1 1 100 1 40 10 0;105-1;p2000106-1 100 345,105,121,125;
346 p 1 1 100 1 40 10 0;105-1;p1999987-1 100 346,105,121,125;
347 p 1 1 100 1 40 10 0;105-1;p2000123-1 100 347,105,121,125;
348 p 1 1 100 1 40 10 0;105-1;p2000094-1 100 348,105,121,125;
349 p 1 1 100 1 40 10 0;105-1;p2000186-1 100 349,105,121,125;
350 p 1 1 100 1 40 10 0;105-1;p1999947-1 100 350,105,121,125;
351 p 1 1 100 1 40 10 0;106-1;p1999980-1 100 351,106,122,125;
352 p 1 1 100 1 40 10 0;106-1;p2000033-1 100 352,106,122,125;
353 p 1 1 100 1 40 10 0;106-1;p1999810-1 100 353,106,122,125;
354 p 1 1 100 1 40 10 0;106-1;p2000078-1 100 354,106,122,125;
355 p 1 1 100 1 40 10 0;106-1;p1999805-1 100 355,106,122,125;
356 p 1 1 100 1 40 10 0;106-1;p1999935-1 100 356,106,122,125;
357 p 1 1 100 1 40 10 0;106-1;p2000096-1 100 357,106,122,125;
358 p 1 1 100 1 40 10 0;106-1;p1999964-1 100 358,106,122,125;
359 p 1 1 100 1 40 10 0;106-1;p2000179-1 100 359,106,122,125;
360 p 1 1 100 1 40 10 0;106-1;p1999816-1 100 360,106,122,125;
361 p 1 1 100 1 40 10 0;106-1;p2000027-1 100 361,106,122,125;
362 p 1 1 100 1 40 10 0;106-1;p2000007-1 100 362,106,122,125;
363 p 1 1 100 1 40 10 0;106-1;p2000091-1 100 363,106,122,125;
364 p 1 1 100 1 40 10 0;106-1;p1999975-1 100 364,106,122,125;
365 p 1 1 100 1 40 10 0;106-1;p1999993-1 100 365,106,122,125;
366 p 1 1 100 1 40 10 0;106-1;p1999905-1 100 366,106,122,125;
367 p 1 1 100 1 40 10 0;106-1;p2000176-1 100 367,106,122,125;
368 p 1 1 100 1 40 10 0;106-1;p1999828-1 100 368,106,122,125;
369 p 1 1 100 1 40 10 0;106-1;p1999989-1 100 369,106,122,125;
370 p 1 1 100 1 40 10 0;106-1;p1999912-1 100 370,106,122,125;
371 p 1 1 100 1 40 10 0;106-1;p2000017-1 100 371,106,122,125;
372 p 1 1 100 1 40 10 0;106-1;p1999998-1 100 372,106,122,125;
373 p 1 1 100 1 40 10 0;106-1;p1999840-1 100 373,106,122,125;
374 p 1 1 100 1 40 10 0;106-1;p2000134-1 100 374,106,122,125;
375 p 1 1 100 1 40 10 0;106-1;p2000044-1 100 375,106,122,125;
376 p 1 1 100 1 40 10 0;106-1;p1999995-1 100 376,106,122,125;
377 p 1 1 100 1 40 10 0;106-1;p2000151-1 100 377,106,122,125;
378 p 1 1 100 1 40 10 0;106-1;p1999954-1 100 378,106,122,125;
379 p 1 1 100 1 40 10 0;106-1;p1999934-1 100 379,106,122,125;
380 p 1 1 100 1 40 10 0;106-1;p1999948-1 100 380,106,122,125;
381 p 1 1 100 1 40 10 0;106-1;p2000149-1 100 381,106,122,125;
382 p 1 1 100 1 40 10 0;106-1;p2000182-1 100 382,106,122,125;
383 p 1 1 100 1 40 10 0;106-1;p2000110-1 100 383,106,122,125;
384 p 1 1 100 1 40 10 0;106-1;p2000066-1 100 384,106,122,125;
385 p 1 1 100 1 40 10 0;106-1;p2000180-1 100 385,106,122,125;
386 p 1 1 100 1 40 10 0;106-1;p2000082-1 100 386,106,122,125;
387 p 1 1 100 1 40 10 0;106-1;p2000124-1 100 387,106,122,125;
388 p 1 1 100 1 40 10 0;106-1;p2000153-1 100 388,106,122,125;
389 p 1 1 100 1 40 10 0;106-1;p2000166-1 100 389,106,122,125;
390 p 1 1 100 1 40 10 0;106-1;p2000106-1 100 390,106,122,125;
391 p 1 1 100 1 40 10 0;106-1;p1999987-1 100 391,106,122,125;
392 p 1 1 100 1 40 10 0;106-1;p2000123-1 100 392,106,122,125;
393 p 1 1 100 1 40 10 0;106-1;p2000094-1 100 393,106,122,125;
394 p 1 1 100 1 40 10 0;106-1;p2000186-1 100 394,106,122,125;
395 p 1 1 100 1 40 10 0;106-1;p1999947-1 100 395,106,122,125;
396 p 1 1 100 1 40 10 0;107-1;p1999980-1 100 396,107,122,125;
397 p 1 1 100 1 40 10 0;107-1;p2000033-1 100 397,107,122,125;
398 p 1 1 100 1 40 10 0;107-1;p1999810-1 100 398,107,122,125;
399 p 1 1 100 1 40 10 0;107-1;p2000078-1 100 399,107,122,125;
400 p 1 1 100 1 40 10 0;107-1;p1999805-1 100 400,107,122,125;
401 p 1 1 100 1 40 10 0;107-1;p1999935-1 100 401,107,122,125;
402 p 1 1 100 1 40 10 0;107-1;p2000096-1 100 402,107,122,125;
403 p 1 1 100 1 40 10 0;107-1;p1999964-1 100 403,107,122,125;
404 p 1 1 100 1 40 10 0;107-1;p2000179-1 100 404,107,122,125;
405 p 1 1 100 1 40 10 0;107-1;p1999816-1 100 405,107,122,125;
406 p 1 1 100 1 40 10 0;107-1;p2000027-1 100 406,107,122,125;
407 p 1 1 100 1 40 10 0;107-1;p2000007-1 100 407,107,122,125;
408 p 1 1 100 1 40 10 0;107-1;p2000091-1 100 408,107,122,125;
409 p 1 1 100 1 40 10 0;107-1;p1999975-1 100 409,107,122,125;
410 p 1 1 100 1 40 10 0;107-1;p1999993-1 100 410,107,122,125;
411 p 1 1 100 1 40 10 0;107-1;p1999905-1 100 411,107,122,125;
412 p 1 1 100 1 40 10 0;107-1;p2000176-1 100 412,107,122,125;
413 p 1 1 100 1 40 10 0;107-1;p1999828-1 100 413,107,122,125;
414 p 1 1 100 1 40 10 0;107-1;p1999989-1 100 414,107,122,125;
415 p 1 1 100 1 40 10 0;107-1;p1999912-1 100 415,107,122,125;
416 p 1 1 100 1 40 10 0;107-1;p2000017-1 100 416,107,122,125;
417 p 1 1 100 1 40 10 0;107-1;p1999998-1 100 417,107,122,125;
418 p 1 1 100 1 40 10 0;107-1;p1999840-1 100 418,107,122,125;
419 p 1 1 100 1 40 10 0;107-1;p2000134-1 100 419,107,122,125;
420 p 1 1 100 1 40 10 0;107-1;p2000044-1 100 420,107,122,125;
421 p 1 1 100 1 40 10 0;107-1;p1999995-1 100 421,107,122,125;
422 p 1 1 100 1 40 10 0;107-1;p2000151-1 100 422,107,122,125;
423 p 1 1 100 1 40 10 0;107-1;p1999954-1 100 423,107,122,125;
424 p 1 1 100 1 40 10 0;107-1;p1999934-1 100 424,107,122,125;
425 p 1 1 100 1 40 10 0;107-1;p1999948-1 100 425,107,122,125;
426 p 1 1 100 1 40 10 0;107-1;p2000149-1 100 426,107,122,125;
427 p 1 1 100 1 40 10 0;107-1;p2000182-1 100 427,107,122,125;
428 p 1 1 100 1 40 10 0;107-1;p2000110-1 100 428,107,122,125;
429 p 1 1 100 1 40 10 0;107-1;p2000066-1 100 429,107,122,125;
430 p 1 1 100 1 40 10 0;107-1;p2000180-1 100 430,107,122,125;
431 p 1 1 100 1 40 10 0;107-1;p2000082-1 100 431,107,122,125;
432 p 1 1 100 1 40 10 0;107-1;p2000124-1 100 432,107,122,125;
433 p 1 1 100 1 40 10 0;107-1;p2000153-1 100 433,107,122,125;
434 p 1 1 100 1 40 10 0;107-1;p2000166-1 100 434,107,122,125;
435 p 1 1 100 1 40 10 0;107-1;p2000106-1 100 435,107,122,125;
436 p 1 1 100 1 40 10 0;107-1;p1999987-1 100 436,107,122,125;
437 p 1 1 100 1 40 10 0;107-1;p2000123-1 100 437,107,122,125;
438 p 1 1 100 1 40 10 0;107-1;p2000094-1 100 438,107,122,125;
439 p 1 1 100 1 40 10 0;107-1;p2000186-1 100 439,107,122,125;
440 p 1 1 100 1 40 10 0;107-1;p1999947-1 100 440,107,122,125;
441 p 1 1 100 1 40 10 0;108-1;p1999980-1 100 441,108,122,125;
442 p 1 1 100 1 40 10 0;108-1;p2000033-1 100 442,108,122,125;
443 p 1 1 100 1 40 10 0;108-1;p1999810-1 100 443,108,122,125;
444 p 1 1 100 1 40 10 0;108-1;p2000078-1 100 444,108,122,125;
445 p 1 1 100 1 40 10 0;108-1;p1999805-1 100 445,108,122,125;
446 p 1 1 100 1 40 10 0;108-1;p1999935-1 100 446,108,122,125;
447 p 1 1 100 1 40 10 0;108-1;p2000096-1 100 447,108,122,125;
448 p 1 1 100 1 40 10 0;108-1;p1999964-1 100 448,108,122,125;
449 p 1 1 100 1 40 10 0;108-1;p2000179-1 100 449,108,122,125;
450 p 1 1 100 1 40 10 0;108-1;p1999816-1 100 450,108,122,125;
451 p 1 1 100 1 40 10 0;108-1;p2000027-1 100 451,108,122,125;
452 p 1 1 100 1 40 10 0;108-1;p2000007-1 100 452,108,122,125;
453 p 1 1 100 1 40 10 0;108-1;p2000091-1 100 453,108,122,125;
454 p 1 1 100 1 40 10 0;108-1;p1999975-1 100 454,108,122,125;
455 p 1 1 100 1 40 10 0;108-1;p1999993-1 100 455,108,122,125;
456 p 1 1 100 1 40 10 0;108-1;p1999905-1 100 456,108,122,125;
457 p 1 1 100 1 40 10 0;108-1;p2000176-1 100 457,108,122,125;
458 p 1 1 100 1 40 10 0;108-1;p1999828-1 100 458,108,122,125;
459 p 1 1 100 1 40 10 0;108-1;p1999989-1 100 459,108,122,125;
460 p 1 1 100 1 40 10 0;108-1;p1999912-1 100 460,108,122,125;
461 p 1 1 100 1 40 10 0;108-1;p2000017-1 100 461,108,122,125;
462 p 1 1 100 1 40 10 0;108-1;p1999998-1 100 462,108,122,125;
463 p 1 1 100 1 40 10 0;108-1;p1999840-1 100 463,108,122,125;
464 p 1 1 100 1 40 10 0;108-1;p2000134-1 100 464,108,122,125;
465 p 1 1 100 1 40 10 0;108-1;p2000044-1 100 465,108,122,125;
466 p 1 1 100 1 40 10 0;108-1;p1999995-1 100 466,108,122,125;
467 p 1 1 100 1 40 10 0;108-1;p2000151-1 100 467,108,122,125;
468 p 1 1 100 1 40 10 0;108-1;p1999954-1 100 468,108,122,125;
469 p 1 1 100 1 40 10 0;108-1;p1999934-1 100 469,108,122,125;
470 p 1 1 100 1 40 10 0;108-1;p1999948-1 100 470,108,122,125;
471 p 1 1 100 1 40 10 0;108-1;p2000149-1 100 471,108,122,125;
472 p 1 1 100 1 40 10 0;108-1;p2000182-1 100 472,108,122,125;
473 p 1 1 100 1 40 10 0;108-1;p2000110-1 100 473,108,122,125;
474 p 1 1 100 1 40 10 0;108-1;p2000066-1 100 474,108,122,125;
475 p 1 1 100 1 40 10 0;108-1;p2000180-1 100 475,108,122,125;
476 p 1 1 100 1 40 10 0;108-1;p2000082-1 100 476,108,122,125;
477 p 1 1 100 1 40 10 0;108-1;p2000124-1 100 477,108,122,125;
478 p 1 1 100 1 40 10 0;108-1;p2000153-1 100 478,108,122,125;
479 p 1 1 100 1 40 10 0;108-1;p2000166-1 100 479,108,122,125;
480 p 1 1 100 1 40 10 0;108-1;p2000106-1 100 480,108,122,125;
481 p 1 1 100 1 40 10 0;108-1;p1999987-1 100 481,108,122,125;
482 p 1 1 100 1 40 10 0;108-1;p2000123-1 100 482,108,122,125;
483 p 1 1 100 1 40 10 0;108-1;p2000094-1 100 483,108,122,125;
484 p 1 1 100 1 40 10 0;108-1;p2000186-1 100 484,108,122,125;
485 p 1 1 100 1 40 10 0;108-1;p1999947-1 100 485,108,122,125;
486 p 1 1 100 1 40 10 0;109-1;p1999980-1 100 486,109,122,125;
487 p 1 1 100 1 40 10 0;109-1;p2000033-1 100 487,109,122,125;
488 p 1 1 100 1 40 10 0;109-1;p1999810-1 100 488,109,122,125;
489 p 1 1 100 1 40 10 0;109-1;p2000078-1 100 489,109,122,125;
490 p 1 1 100 1 40 10 0;109-1;p1999805-1 100 490,109,122,125;
491 p 1 1 100 1 40 10 0;109-1;p1999935-1 100 491,109,122,125;
492 p 1 1 100 1 40 10 0;109-1;p2000096-1 100 492,109,122,125;
493 p 1 1 100 1 40 10 0;109-1;p1999964-1 100 493,109,122,125;
494 p 1 1 100 1 40 10 0;109-1;p2000179-1 100 494,109,122,125;
495 p 1 1 100 1 40 10 0;109-1;p1999816-1 100 495,109,122,125;
496 p 1 1 100 1 40 10 0;109-1;p2000027-1 100 496,109,122,125;
497 p 1 1 100 1 40 10 0;109-1;p2000007-1 100 497,109,122,125;
498 p 1 1 100 1 40 10 0;109-1;p2000091-1 100 498,109,122,125;
499 p 1 1 100 1 40 10 0;109-1;p1999975-1 100 499,109,122,125;
500 p 1 1 100 1 40 10 0;109-1;p1999993-1 100 500,109,122,125;
501 p 1 1 100 1 40 10 0;109-1;p1999905-1 100 501,109,122,125;
502 p 1 1 100 1 40 10 0;109-1;p2000176-1 100 502,109,122,125;
503 p 1 1 100 1 40 10 0;109-1;p1999828-1 100 503,109,122,125;
504 p 1 1 100 1 40 10 0;109-1;p1999989-1 100 504,109,122,125;
505 p 1 1 100 1 40 10 0;109-1;p1999912-1 100 505,109,122,125;
506 p 1 1 100 1 40 10 0;109-1;p2000017-1 100 506,109,122,125;
507 p 1 1 100 1 40 10 0;109-1;p1999998-1 100 507,109,122,125;
508 p 1 1 100 1 40 10 0;109-1;p1999840-1 100 508,109,122,125;
509 p 1 1 100 1 40 10 0;109-1;p2000134-1 100 509,109,122,125;
510 p 1 1 100 1 40 10 0;109-1;p2000044-1 100 510,109,122,125;
511 p 1 1 100 1 40 10 0;109-1;p1999995-1 100 511,109,122,125;
512 p 1 1 100 1 40 10 0;109-1;p2000151-1 100 512,109,122,125;
513 p 1 1 100 1 40 10 0;109-1;p1999954-1 100 513,109,122,125;
514 p 1 1 100 1 40 10 0;109-1;p1999934-1 100 514,109,122,125;
515 p 1 1 100 1 40 10 0;109-1;p1999948-1 100 515,109,122,125;
516 p 1 1 100 1 40 10 0;109-1;p2000149-1 100 516,109,122,125;
517 p 1 1 100 1 40 10 0;109-1;p2000182-1 100 517,109,122,125;
518 p 1 1 100 1 40 10 0;109-1;p2000110-1 100 518,109,122,125;
519 p 1 1 100 1 40 10 0;109-1;p2000066-1 100 519,109,122,125;
520 p 1 1 100 1 40 10 0;109-1;p2000180-1 100 520,109,122,125;
521 p 1 1 100 1 40 10 0;109-1;p2000082-1 100 521,109,122,125;
522 p 1 1 100 1 40 10 0;109-1;p2000124-1 100 522,109,122,125;
523 p 1 1 100 1 40 10 0;109-1;p2000153-1 100 523,109,122,125;
524 p 1 1 100 1 40 10 0;109-1;p2000166-1 100 524,109,122,125;
525 p 1 1 100 1 40 10 0;109-1;p2000106-1 100 525,109,122,125;
526 p 1 1 100 1 40 10 0;109-1;p1999987-1 100 526,109,122,125;
527 p 1 1 100 1 40 10 0;109-1;p2000123-1 100 527,109,122,125;
528 p 1 1 100 1 40 10 0;109-1;p2000094-1 100 528,109,122,125;
529 p 1 1 100 1 40 10 0;109-1;p2000186-1 100 529,109,122,125;
530 p 1 1 100 1 40 10 0;109-1;p1999947-1 100 530,109,122,125;
531 p 1 1 100 1 40 10 0;110-1;p1999980-1 100 531,110,122,125;
532 p 1 1 100 1 40 10 0;110-1;p2000033-1 100 532,110,122,125;
533 p 1 1 100 1 40 10 0;110-1;p1999810-1 100 533,110,122,125;
534 p 1 1 100 1 40 10 0;110-1;p2000078-1 100 534,110,122,125;
535 p 1 1 100 1 40 10 0;110-1;p1999805-1 100 535,110,122,125;
536 p 1 1 100 1 40 10 0;110-1;p1999935-1 100 536,110,122,125;
537 p 1 1 100 1 40 10 0;110-1;p2000096-1 100 537,110,122,125;
538 p 1 1 100 1 40 10 0;110-1;p1999964-1 100 538,110,122,125;
539 p 1 1 100 1 40 10 0;110-1;p2000179-1 100 539,110,122,125;
540 p 1 1 100 1 40 10 0;110-1;p1999816-1 100 540,110,122,125;
541 p 1 1 100 1 40 10 0;110-1;p2000027-1 100 541,110,122,125;
542 p 1 1 100 1 40 10 0;110-1;p2000007-1 100 542,110,122,125;
543 p 1 1 100 1 40 10 0;110-1;p2000091-1 100 543,110,122,125;
544 p 1 1 100 1 40 10 0;110-1;p1999975-1 100 544,110,122,125;
545 p 1 1 100 1 40 10 0;110-1;p1999993-1 100 545,110,122,125;
546 p 1 1 100 1 40 10 0;110-1;p1999905-1 100 546,110,122,125;
547 p 1 1 100 1 40 10 0;110-1;p2000176-1 100 547,110,122,125;
548 p 1 1 100 1 40 10 0;110-1;p1999828-1 100 548,110,122,125;
549 p 1 1 100 1 40 10 0;110-1;p1999989-1 100 549,110,122,125;
550 p 1 1 100 1 40 10 0;110-1;p1999912-1 100 550,110,122,125;
551 p 1 1 100 1 40 10 0;110-1;p2000017-1 100 551,110,122,125;
552 p 1 1 100 1 40 10 0;110-1;p1999998-1 100 552,110,122,125;
553 p 1 1 100 1 40 10 0;110-1;p1999840-1 100 553,110,122,125;
554 p 1 1 100 1 40 10 0;110-1;p2000134-1 100 554,110,122,125;
555 p 1 1 100 1 40 10 0;110-1;p2000044-1 100 555,110,122,125;
556 p 1 1 100 1 40 10 0;110-1;p1999995-1 100 556,110,122,125;
557 p 1 1 100 1 40 10 0;110-1;p2000151-1 100 557,110,122,125;
558 p 1 1 100 1 40 10 0;110-1;p1999954-1 100 558,110,122,125;
559 p 1 1 100 1 40 10 0;110-1;p1999934-1 100 559,110,122,125;
560 p 1 1 100 1 40 10 0;110-1;p1999948-1 100 560,110,122,125;
561 p 1 1 100 1 40 10 0;110-1;p2000149-1 100 561,110,122,125;
562 p 1 1 100 1 40 10 0;110-1;p2000182-1 100 562,110,122,125;
563 p 1 1 100 1 40 10 0;110-1;p2000110-1 100 563,110,122,125;
564 p 1 1 100 1 40 10 0;110-1;p2000066-1 100 564,110,122,125;
565 p 1 1 100 1 40 10 0;110-1;p2000180-1 100 565,110,122,125;
566 p 1 1 100 1 40 10 0;110-1;p2000082-1 100 566,110,122,125;
567 p 1 1 100 1 40 10 0;110-1;p2000124-1 100 567,110,122,125;
568 p 1 1 100 1 40 10 0;110-1;p2000153-1 100 568,110,122,125;
569 p 1 1 100 1 40 10 0;110-1;p2000166-1 100 569,110,122,125;
570 p 1 1 100 1 40 10 0;110-1;p2000106-1 100 570,110,122,125;
571 p 1 1 100 1 40 10 0;110-1;p1999987-1 100 571,110,122,125;
572 p 1 1 100 1 40 10 0;110-1;p2000123-1 100 572,110,122,125;
573 p 1 1 100 1 40 10 0;110-1;p2000094-1 100 573,110,122,125;
574 p 1 1 100 1 40 10 0;110-1;p2000186-1 100 574,110,122,125;
575 p 1 1 100 1 40 10 0;110-1;p1999947-1 100 575,110,122,125;
576 p 1 1 100 1 40 10 0;111-1;p1999980-1 100 576,111,123,125;
577 p 1 1 100 1 40 10 0;111-1;p2000033-1 100 577,111,123,125;
578 p 1 1 100 1 40 10 0;111-1;p1999810-1 100 578,111,123,125;
579 p 1 1 100 1 40 10 0;111-1;p2000078-1 100 579,111,123,125;
580 p 1 1 100 1 40 10 0;111-1;p1999805-1 100 580,111,123,125;
581 p 1 1 100 1 40 10 0;111-1;p1999935-1 100 581,111,123,125;
582 p 1 1 100 1 40 10 0;111-1;p2000096-1 100 582,111,123,125;
583 p 1 1 100 1 40 10 0;111-1;p1999964-1 100 583,111,123,125;
584 p 1 1 100 1 40 10 0;111-1;p2000179-1 100 584,111,123,125;
585 p 1 1 100 1 40 10 0;111-1;p1999816-1 100 585,111,123,125;
586 p 1 1 100 1 40 10 0;111-1;p2000027-1 100 586,111,123,125;
587 p 1 1 100 1 40 10 0;111-1;p2000007-1 100 587,111,123,125;
588 p 1 1 100 1 40 10 0;111-1;p2000091-1 100 588,111,123,125;
589 p 1 1 100 1 40 10 0;111-1;p1999975-1 100 589,111,123,125;
590 p 1 1 100 1 40 10 0;111-1;p1999993-1 100 590,111,123,125;
591 p 1 1 100 1 40 10 0;111-1;p1999905-1 100 591,111,123,125;
592 p 1 1 100 1 40 10 0;111-1;p2000176-1 100 592,111,123,125;
593 p 1 1 100 1 40 10 0;111-1;p1999828-1 100 593,111,123,125;
594 p 1 1 100 1 40 10 0;111-1;p1999989-1 100 594,111,123,125;
595 p 1 1 100 1 40 10 0;111-1;p1999912-1 100 595,111,123,125;
596 p 1 1 100 1 40 10 0;111-1;p2000017-1 100 596,111,123,125;
597 p 1 1 100 1 40 10 0;111-1;p1999998-1 100 597,111,123,125;
598 p 1 1 100 1 40 10 0;111-1;p1999840-1 100 598,111,123,125;
599 p 1 1 100 1 40 10 0;111-1;p2000134-1 100 599,111,123,125;
600 p 1 1 100 1 40 10 0;111-1;p2000044-1 100 600,111,123,125;
601 p 1 1 100 1 40 10 0;111-1;p1999995-1 100 601,111,123,125;
602 p 1 1 100 1 40 10 0;111-1;p2000151-1 100 602,111,123,125;
603 p 1 1 100 1 40 10 0;111-1;p1999954-1 100 603,111,123,125;
604 p 1 1 100 1 40 10 0;111-1;p1999934-1 100 604,111,123,125;
605 p 1 1 100 1 40 10 0;111-1;p1999948-1 100 605,111,123,125;
606 p 1 1 100 1 40 10 0;111-1;p2000149-1 100 606,111,123,125;
607 p 1 1 100 1 40 10 0;111-1;p2000182-1 100 607,111,123,125;
608 p 1 1 100 1 40 10 0;111-1;p2000110-1 100 608,111,123,125;
609 p 1 1 100 1 40 10 0;111-1;p2000066-1 100 609,111,123,125;
610 p 1 1 100 1 40 10 0;111-1;p2000180-1 100 610,111,123,125;
611 p 1 1 100 1 40 10 0;111-1;p2000082-1 100 611,111,123,125;
612 p 1 1 100 1 40 10 0;111-1;p2000124-1 100 612,111,123,125;
613 p 1 1 100 1 40 10 0;111-1;p2000153-1 100 613,111,123,125;
614 p 1 1 100 1 40 10 0;111-1;p2000166-1 100 614,111,123,125;
615 p 1 1 100 1 40 10 0;111-1;p2000106-1 100 615,111,123,125;
616 p 1 1 100 1 40 10 0;111-1;p1999987-1 100 616,111,123,125;
617 p 1 1 100 1 40 10 0;111-1;p2000123-1 100 617,111,123,125;
618 p 1 1 100 1 40 10 0;111-1;p2000094-1 100 618,111,123,125;
619 p 1 1 100 1 40 10 0;111-1;p2000186-1 100 619,111,123,125;
620 p 1 1 100 1 40 10 0;111-1;p1999947-1 100 620,111,123,125;
621 p 1 1 100 1 40 10 0;112-1;p1999980-1 100 621,112,123,125;
622 p 1 1 100 1 40 10 0;112-1;p2000033-1 100 622,112,123,125;
623 p 1 1 100 1 40 10 0;112-1;p1999810-1 100 623,112,123,125;
624 p 1 1 100 1 40 10 0;112-1;p2000078-1 100 624,112,123,125;
625 p 1 1 100 1 40 10 0;112-1;p1999805-1 100 625,112,123,125;
626 p 1 1 100 1 40 10 0;112-1;p1999935-1 100 626,112,123,125;
627 p 1 1 100 1 40 10 0;112-1;p2000096-1 100 627,112,123,125;
628 p 1 1 100 1 40 10 0;112-1;p1999964-1 100 628,112,123,125;
629 p 1 1 100 1 40 10 0;112-1;p2000179-1 100 629,112,123,125;
630 p 1 1 100 1 40 10 0;112-1;p1999816-1 100 630,112,123,125;
631 p 1 1 100 1 40 10 0;112-1;p2000027-1 100 631,112,123,125;
632 p 1 1 100 1 40 10 0;112-1;p2000007-1 100 632,112,123,125;
633 p 1 1 100 1 40 10 0;112-1;p2000091-1 100 633,112,123,125;
634 p 1 1 100 1 40 10 0;112-1;p1999975-1 100 634,112,123,125;
635 p 1 1 100 1 40 10 0;112-1;p1999993-1 100 635,112,123,125;
636 p 1 1 100 1 40 10 0;112-1;p1999905-1 100 636,112,123,125;
637 p 1 1 100 1 40 10 0;112-1;p2000176-1 100 637,112,123,125;
638 p 1 1 100 1 40 10 0;112-1;p1999828-1 100 638,112,123,125;
639 p 1 1 100 1 40 10 0;112-1;p1999989-1 100 639,112,123,125;
640 p 1 1 100 1 40 10 0;112-1;p1999912-1 100 640,112,123,125;
641 p 1 1 100 1 40 10 0;112-1;p2000017-1 100 641,112,123,125;
642 p 1 1 100 1 40 10 0;112-1;p1999998-1 100 642,112,123,125;
643 p 1 1 100 1 40 10 0;112-1;p1999840-1 100 643,112,123,125;
644 p 1 1 100 1 40 10 0;112-1;p2000134-1 100 644,112,123,125;
645 p 1 1 100 1 40 10 0;112-1;p2000044-1 100 645,112,123,125;
646 p 1 1 100 1 40 10 0;112-1;p1999995-1 100 646,112,123,125;
647 p 1 1 100 1 40 10 0;112-1;p2000151-1 100 647,112,123,125;
648 p 1 1 100 1 40 10 0;112-1;p1999954-1 100 648,112,123,125;
649 p 1 1 100 1 40 10 0;112-1;p1999934-1 100 649,112,123,125;
650 p 1 1 100 1 40 10 0;112-1;p1999948-1 100 650,112,123,125;
651 p 1 1 100 1 40 10 0;112-1;p2000149-1 100 651,112,123,125;
652 p 1 1 100 1 40 10 0;112-1;p2000182-1 100 652,112,123,125;
653 p 1 1 100 1 40 10 0;112-1;p2000110-1 100 653,112,123,125;
654 p 1 1 100 1 40 10 0;112-1;p2000066-1 100 654,112,123,125;
655 p 1 1 100 1 40 10 0;112-1;p2000180-1 100 655,112,123,125;
656 p 1 1 100 1 40 10 0;112-1;p2000082-1 100 656,112,123,125;
657 p 1 1 100 1 40 10 0;112-1;p2000124-1 100 657,112,123,125;
658 p 1 1 100 1 40 10 0;112-1;p2000153-1 100 658,112,123,125;
659 p 1 1 100 1 40 10 0;112-1;p2000166-1 100 659,112,123,125;
660 p 1 1 100 1 40 10 0;112-1;p2000106-1 100 660,112,123,125;
661 p 1 1 100 1 40 10 0;112-1;p1999987-1 100 661,112,123,125;
662 p 1 1 100 1 40 10 0;112-1;p2000123-1 100 662,112,123,125;
663 p 1 1 100 1 40 10 0;112-1;p2000094-1 100 663,112,123,125;
664 p 1 1 100 1 40 10 0;112-1;p2000186-1 100 664,112,123,125;
665 p 1 1 100 1 40 10 0;112-1;p1999947-1 100 665,112,123,125;
666 p 1 1 100 1 40 10 0;113-1;p1999980-1 100 666,113,123,125;
667 p 1 1 100 1 40 10 0;113-1;p2000033-1 100 667,113,123,125;
668 p 1 1 100 1 40 10 0;113-1;p1999810-1 100 668,113,123,125;
669 p 1 1 100 1 40 10 0;113-1;p2000078-1 100 669,113,123,125;
670 p 1 1 100 1 40 10 0;113-1;p1999805-1 100 670,113,123,125;
671 p 1 1 100 1 40 10 0;113-1;p1999935-1 100 671,113,123,125;
672 p 1 1 100 1 40 10 0;113-1;p2000096-1 100 672,113,123,125;
673 p 1 1 100 1 40 10 0;113-1;p1999964-1 100 673,113,123,125;
674 p 1 1 100 1 40 10 0;113-1;p2000179-1 100 674,113,123,125;
675 p 1 1 100 1 40 10 0;113-1;p1999816-1 100 675,113,123,125;
676 p 1 1 100 1 40 10 0;113-1;p2000027-1 100 676,113,123,125;
677 p 1 1 100 1 40 10 0;113-1;p2000007-1 100 677,113,123,125;
678 p 1 1 100 1 40 10 0;113-1;p2000091-1 100 678,113,123,125;
679 p 1 1 100 1 40 10 0;113-1;p1999975-1 100 679,113,123,125;
680 p 1 1 100 1 40 10 0;113-1;p1999993-1 100 680,113,123,125;
681 p 1 1 100 1 40 10 0;113-1;p1999905-1 100 681,113,123,125;
682 p 1 1 100 1 40 10 0;113-1;p2000176-1 100 682,113,123,125;
683 p 1 1 100 1 40 10 0;113-1;p1999828-1 100 683,113,123,125;
684 p 1 1 100 1 40 10 0;113-1;p1999989-1 100 684,113,123,125;
685 p 1 1 100 1 40 10 0;113-1;p1999912-1 100 685,113,123,125;
686 p 1 1 100 1 40 10 0;113-1;p2000017-1 100 686,113,123,125;
687 p 1 1 100 1 40 10 0;113-1;p1999998-1 100 687,113,123,125;
688 p 1 1 100 1 40 10 0;113-1;p1999840-1 100 688,113,123,125;
689 p 1 1 100 1 40 10 0;113-1;p2000134-1 100 689,113,123,125;
690 p 1 1 100 1 40 10 0;113-1;p2000044-1 100 690,113,123,125;
691 p 1 1 100 1 40 10 0;113-1;p1999995-1 100 691,113,123,125;
692 p 1 1 100 1 40 10 0;113-1;p2000151-1 100 692,113,123,125;
693 p 1 1 100 1 40 10 0;113-1;p1999954-1 100 693,113,123,125;
694 p 1 1 100 1 40 10 0;113-1;p1999934-1 100 694,113,123,125;
695 p 1 1 100 1 40 10 0;113-1;p1999948-1 100 695,113,123,125;
696 p 1 1 100 1 40 10 0;113-1;p2000149-1 100 696,113,123,125;
697 p 1 1 100 1 40 10 0;113-1;p2000182-1 100 697,113,123,125;
698 p 1 1 100 1 40 10 0;113-1;p2000110-1 100 698,113,123,125;
699 p 1 1 100 1 40 10 0;113-1;p2000066-1 100 699,113,123,125;
700 p 1 1 100 1 40 10 0;113-1;p2000180-1 100 700,113,123,125;
701 p 1 1 100 1 40 10 0;113-1;p2000082-1 100 701,113,123,125;
702 p 1 1 100 1 40 10 0;113-1;p2000124-1 100 702,113,123,125;
703 p 1 1 100 1 40 10 0;113-1;p2000153-1 100 703,113,123,125;
704 p 1 1 100 1 40 10 0;113-1;p2000166-1 100 704,113,123,125;
705 p 1 1 100 1 40 10 0;113-1;p2000106-1 100 705,113,123,125;
706 p 1 1 100 1 40 10 0;113-1;p1999987-1 100 706,113,123,125;
707 p 1 1 100 1 40 10 0;113-1;p2000123-1 100 707,113,123,125;
708 p 1 1 100 1 40 10 0;113-1;p2000094-1 100 708,113,123,125;
709 p 1 1 100 1 40 10 0;113-1;p2000186-1 100 709,113,123,125;
710 p 1 1 100 1 40 10 0;113-1;p1999947-1 100 710,113,123,125;
711 p 1 1 100 1 40 10 0;114-1;p1999980-1 100 711,114,123,125;
712 p 1 1 100 1 40 10 0;114-1;p2000033-1 100 712,114,123,125;
713 p 1 1 100 1 40 10 0;114-1;p1999810-1 100 713,114,123,125;
714 p 1 1 100 1 40 10 0;114-1;p2000078-1 100 714,114,123,125;
715 p 1 1 100 1 40 10 0;114-1;p1999805-1 100 715,114,123,125;
716 p 1 1 100 1 40 10 0;114-1;p1999935-1 100 716,114,123,125;
717 p 1 1 100 1 40 10 0;114-1;p2000096-1 100 717,114,123,125;
718 p 1 1 100 1 40 10 0;114-1;p1999964-1 100 718,114,123,125;
719 p 1 1 100 1 40 10 0;114-1;p2000179-1 100 719,114,123,125;
720 p 1 1 100 1 40 10 0;114-1;p1999816-1 100 720,114,123,125;
721 p 1 1 100 1 40 10 0;114-1;p2000027-1 100 721,114,123,125;
722 p 1 1 100 1 40 10 0;114-1;p2000007-1 100 722,114,123,125;
723 p 1 1 100 1 40 10 0;114-1;p2000091-1 100 723,114,123,125;
724 p 1 1 100 1 40 10 0;114-1;p1999975-1 100 724,114,123,125;
725 p 1 1 100 1 40 10 0;114-1;p1999993-1 100 725,114,123,125;
726 p 1 1 100 1 40 10 0;114-1;p1999905-1 100 726,114,123,125;
727 p 1 1 100 1 40 10 0;114-1;p2000176-1 100 727,114,123,125;
728 p 1 1 100 1 40 10 0;114-1;p1999828-1 100 728,114,123,125;
729 p 1 1 100 1 40 10 0;114-1;p1999989-1 100 729,114,123,125;
730 p 1 1 100 1 40 10 0;114-1;p1999912-1 100 730,114,123,125;
731 p 1 1 100 1 40 10 0;114-1;p2000017-1 100 731,114,123,125;
732 p 1 1 100 1 40 10 0;114-1;p1999998-1 100 732,114,123,125;
733 p 1 1 100 1 40 10 0;114-1;p1999840-1 100 733,114,123,125;
734 p 1 1 100 1 40 10 0;114-1;p2000134-1 100 734,114,123,125;
735 p 1 1 100 1 40 10 0;114-1;p2000044-1 100 735,114,123,125;
736 p 1 1 100 1 40 10 0;114-1;p1999995-1 100 736,114,123,125;
737 p 1 1 100 1 40 10 0;114-1;p2000151-1 100 737,114,123,125;
738 p 1 1 100 1 40 10 0;114-1;p1999954-1 100 738,114,123,125;
739 p 1 1 100 1 40 10 0;114-1;p1999934-1 100 739,114,123,125;
740 p 1 1 100 1 40 10 0;114-1;p1999948-1 100 740,114,123,125;
741 p 1 1 100 1 40 10 0;114-1;p2000149-1 100 741,114,123,125;
742 p 1 1 100 1 40 10 0;114-1;p2000182-1 100 742,114,123,125;
743 p 1 1 100 1 40 10 0;114-1;p2000110-1 100 743,114,123,125;
744 p 1 1 100 1 40 10 0;114-1;p2000066-1 100 744,114,123,125;
745 p 1 1 100 1 40 10 0;114-1;p2000180-1 100 745,114,123,125;
746 p 1 1 100 1 40 10 0;114-1;p2000082-1 100 746,114,123,125;
747 p 1 1 100 1 40 10 0;114-1;p2000124-1 100 747,114,123,125;
748 p 1 1 100 1 40 10 0;114-1;p2000153-1 100 748,114,123,125;
749 p 1 1 100 1 40 10 0;114-1;p2000166-1 100 749,114,123,125;
750 p 1 1 100 1 40 10 0;114-1;p2000106-1 100 750,114,123,125;
751 p 1 1 100 1 40 10 0;114-1;p1999987-1 100 751,114,123,125;
752 p 1 1 100 1 40 10 0;114-1;p2000123-1 100 752,114,123,125;
753 p 1 1 100 1 40 10 0;114-1;p2000094-1 100 753,114,123,125;
754 p 1 1 100 1 40 10 0;114-1;p2000186-1 100 754,114,123,125;
755 p 1 1 100 1 40 10 0;114-1;p1999947-1 100 755,114,123,125;
756 p 1 1 100 1 40 10 0;115-1;p1999980-1 100 756,115,123,125;
757 p 1 1 100 1 40 10 0;115-1;p2000033-1 100 757,115,123,125;
758 p 1 1 100 1 40 10 0;115-1;p1999810-1 100 758,115,123,125;
759 p 1 1 100 1 40 10 0;115-1;p2000078-1 100 759,115,123,125;
760 p 1 1 100 1 40 10 0;115-1;p1999805-1 100 760,115,123,125;
761 p 1 1 100 1 40 10 0;115-1;p1999935-1 100 761,115,123,125;
762 p 1 1 100 1 40 10 0;115-1;p2000096-1 100 762,115,123,125;
763 p 1 1 100 1 40 10 0;115-1;p1999964-1 100 763,115,123,125;
764 p 1 1 100 1 40 10 0;115-1;p2000179-1 100 764,115,123,125;
765 p 1 1 100 1 40 10 0;115-1;p1999816-1 100 765,115,123,125;
766 p 1 1 100 1 40 10 0;115-1;p2000027-1 100 766,115,123,125;
767 p 1 1 100 1 40 10 0;115-1;p2000007-1 100 767,115,123,125;
768 p 1 1 100 1 40 10 0;115-1;p2000091-1 100 768,115,123,125;
769 p 1 1 100 1 40 10 0;115-1;p1999975-1 100 769,115,123,125;
770 p 1 1 100 1 40 10 0;115-1;p1999993-1 100 770,115,123,125;
771 p 1 1 100 1 40 10 0;115-1;p1999905-1 100 771,115,123,125;
772 p 1 1 100 1 40 10 0;115-1;p2000176-1 100 772,115,123,125;
773 p 1 1 100 1 40 10 0;115-1;p1999828-1 100 773,115,123,125;
774 p 1 1 100 1 40 10 0;115-1;p1999989-1 100 774,115,123,125;
775 p 1 1 100 1 40 10 0;115-1;p1999912-1 100 775,115,123,125;
776 p 1 1 100 1 40 10 0;115-1;p2000017-1 100 776,115,123,125;
777 p 1 1 100 1 40 10 0;115-1;p1999998-1 100 777,115,123,125;
778 p 1 1 100 1 40 10 0;115-1;p1999840-1 100 778,115,123,125;
779 p 1 1 100 1 40 10 0;115-1;p2000134-1 100 779,115,123,125;
780 p 1 1 100 1 40 10 0;115-1;p2000044-1 100 780,115,123,125;
781 p 1 1 100 1 40 10 0;115-1;p1999995-1 100 781,115,123,125;
782 p 1 1 100 1 40 10 0;115-1;p2000151-1 100 782,115,123,125;
783 p 1 1 100 1 40 10 0;115-1;p1999954-1 100 783,115,123,125;
784 p 1 1 100 1 40 10 0;115-1;p1999934-1 100 784,115,123,125;
785 p 1 1 100 1 40 10 0;115-1;p1999948-1 100 785,115,123,125;
786 p 1 1 100 1 40 10 0;115-1;p2000149-1 100 786,115,123,125;
787 p 1 1 100 1 40 10 0;115-1;p2000182-1 100 787,115,123,125;
788 p 1 1 100 1 40 10 0;115-1;p2000110-1 100 788,115,123,125;
789 p 1 1 100 1 40 10 0;115-1;p2000066-1 100 789,115,123,125;
790 p 1 1 100 1 40 10 0;115-1;p2000180-1 100 790,115,123,125;
791 p 1 1 100 1 40 10 0;115-1;p2000082-1 100 791,115,123,125;
792 p 1 1 100 1 40 10 0;115-1;p2000124-1 100 792,115,123,125;
793 p 1 1 100 1 40 10 0;115-1;p2000153-1 100 793,115,123,125;
794 p 1 1 100 1 40 10 0;115-1;p2000166-1 100 794,115,123,125;
795 p 1 1 100 1 40 10 0;115-1;p2000106-1 100 795,115,123,125;
796 p 1 1 100 1 40 10 0;115-1;p1999987-1 100 796,115,123,125;
797 p 1 1 100 1 40 10 0;115-1;p2000123-1 100 797,115,123,125;
798 p 1 1 100 1 40 10 0;115-1;p2000094-1 100 798,115,123,125;
799 p 1 1 100 1 40 10 0;115-1;p2000186-1 100 799,115,123,125;
800 p 1 1 100 1 40 10 0;115-1;p1999947-1 100 800,115,123,125;
801 p 1 1 100 1 40 10 0;116-1;p2000123-1 100 801,116,124,125;
802 p 1 1 100 1 40 10 0;116-1;p1999911-1 100 802,116,124,125;
803 p 1 1 100 1 40 10 0;116-1;p1999884-1 100 803,116,124,125;
804 p 1 1 100 1 40 10 0;116-1;p1999844-1 100 804,116,124,125;
805 p 1 1 100 1 40 10 0;116-1;p1999894-1 100 805,116,124,125;
806 p 1 1 100 1 40 10 0;116-1;p1999928-1 100 806,116,124,125;
807 p 1 1 100 1 40 10 0;116-1;p2000163-1 100 807,116,124,125;
808 p 1 1 100 1 40 10 0;116-1;p1999975-1 100 808,116,124,125;
809 p 1 1 100 1 40 10 0;116-1;p2000171-1 100 809,116,124,125;
810 p 1 1 100 1 40 10 0;116-1;p2000176-1 100 810,116,124,125;
811 p 1 1 100 1 40 10 0;116-1;p1999942-1 100 811,116,124,125;
812 p 1 1 100 1 40 10 0;116-1;p1999804-1 100 812,116,124,125;
813 p 1 1 100 1 40 10 0;116-1;p2000090-1 100 813,116,124,125;
814 p 1 1 100 1 40 10 0;116-1;p2000105-1 100 814,116,124,125;
815 p 1 1 100 1 40 10 0;116-1;p2000073-1 100 815,116,124,125;
816 p 1 1 100 1 40 10 0;116-1;p1999902-1 100 816,116,124,125;
817 p 1 1 100 1 40 10 0;116-1;p2000066-1 100 817,116,124,125;
818 p 1 1 100 1 40 10 0;116-1;p2000196-1 100 818,116,124,125;
819 p 1 1 100 1 40 10 0;116-1;p2000162-1 100 819,116,124,125;
820 p 1 1 100 1 40 10 0;116-1;p1999991-1 100 820,116,124,125;
821 p 1 1 100 1 40 10 0;116-1;p2000067-1 100 821,116,124,125;
822 p 1 1 100 1 40 10 0;116-1;p1999968-1 100 822,116,124,125;
823 p 1 1 100 1 40 10 0;116-1;p2000122-1 100 823,116,124,125;
824 p 1 1 100 1 40 10 0;116-1;p1999970-1 100 824,116,124,125;
825 p 1 1 100 1 40 10 0;116-1;p1999871-1 100 825,116,124,125;
826 p 1 1 100 1 40 10 0;116-1;p2000111-1 100 826,116,124,125;
827 p 1 1 100 1 40 10 0;116-1;p2000054-1 100 827,116,124,125;
828 p 1 1 100 1 40 10 0;116-1;p1999919-1 100 828,116,124,125;
829 p 1 1 100 1 40 10 0;116-1;p2000102-1 100 829,116,124,125;
830 p 1 1 100 1 40 10 0;116-1;p1999902-1 100 830,116,124,125;
831 p 1 1 100 1 40 10 0;116-1;p2000112-1 100 831,116,124,125;
832 p 1 1 100 1 40 10 0;116-1;p1999868-1 100 832,116,124,125;
833 p 1 1 100 1 40 10 0;116-1;p1999884-1 100 833,116,124,125;
834 p 1 1 100 1 40 10 0;116-1;p1999827-1 100 834,116,124,125;
835 p 1 1 100 1 40 10 0;116-1;p2000014-1 100 835,116,124,125;
836 p 1 1 100 1 40 10 0;116-1;p1999959-1 100 836,116,124,125;
837 p 1 1 100 1 40 10 0;116-1;p1999826-1 100 837,116,124,125;
838 p 1 1 100 1 40 10 0;116-1;p2000115-1 100 838,116,124,125;
839 p 1 1 100 1 40 10 0;116-1;p2000062-1 100 839,116,124,125;
840 p 1 1 100 1 40 10 0;116-1;p2000140-1 100 840,116,124,125;
841 p 1 1 100 1 40 10 0;116-1;p2000100-1 100 841,116,124,125;
842 p 1 1 100 1 40 10 0;116-1;p1999901-1 100 842,116,124,125;
843 p 1 1 100 1 40 10 0;116-1;p2000156-1 100 843,116,124,125;
844 p 1 1 100 1 40 10 0;116-1;p2000110-1 100 844,116,124,125;
845 p 1 1 100 1 40 10 0;116-1;p2000121-1 100 845,116,124,125;
846 p 1 1 100 1 40 10 0;117-1;p2000123-1 100 846,117,124,125;
847 p 1 1 100 1 40 10 0;117-1;p1999911-1 100 847,117,124,125;
848 p 1 1 100 1 40 10 0;117-1;p1999884-1 100 848,117,124,125;
849 p 1 1 100 1 40 10 0;117-1;p1999844-1 100 849,117,124,125;
850 p 1 1 100 1 40 10 0;117-1;p1999894-1 100 850,117,124,125;
851 p 1 1 100 1 40 10 0;117-1;p1999928-1 100 851,117,124,125;
852 p 1 1 100 1 40 10 0;117-1;p2000163-1 100 852,117,124,125;
853 p 1 1 100 1 40 10 0;117-1;p1999975-1 100 853,117,124,125;
854 p 1 1 100 1 40 10 0;117-1;p2000171-1 100 854,117,124,125;
855 p 1 1 100 1 40 10 0;117-1;p2000176-1 100 855,117,124,125;
856 p 1 1 100 1 40 10 0;117-1;p1999942-1 100 856,117,124,125;
857 p 1 1 100 1 40 10 0;117-1;p1999804-1 100 857,117,124,125;
858 p 1 1 100 1 40 10 0;117-1;p2000090-1 100 858,117,124,125;
859 p 1 1 100 1 40 10 0;117-1;p2000105-1 100 859,117,124,125;
860 p 1 1 100 1 40 10 0;117-1;p2000073-1 100 860,117,124,125;
861 p 1 1 100 1 40 10 0;117-1;p1999902-1 100 861,117,124,125;
862 p 1 1 100 1 40 10 0;117-1;p2000066-1 100 862,117,124,125;
863 p 1 1 100 1 40 10 0;117-1;p2000196-1 100 863,117,124,125;
864 p 1 1 100 1 40 10 0;117-1;p2000162-1 100 864,117,124,125;
865 p 1 1 100 1 40 10 0;117-1;p1999991-1 100 865,117,124,125;
866 p 1 1 100 1 40 10 0;117-1;p2000067-1 100 866,117,124,125;
867 p 1 1 100 1 40 10 0;117-1;p1999968-1 100 867,117,124,125;
868 p 1 1 100 1 40 10 0;117-1;p2000122-1 100 868,117,124,125;
869 p 1 1 100 1 40 10 0;117-1;p1999970-1 100 869,117,124,125;
870 p 1 1 100 1 40 10 0;117-1;p1999871-1 100 870,117,124,125;
871 p 1 1 100 1 40 10 0;117-1;p2000111-1 100 871,117,124,125;
872 p 1 1 100 1 40 10 0;117-1;p2000054-1 100 872,117,124,125;
873 p 1 1 100 1 40 10 0;117-1;p1999919-1 100 873,117,124,125;
874 p 1 1 100 1 40 10 0;117-1;p2000102-1 100 874,117,124,125;
875 p 1 1 100 1 40 10 0;117-1;p1999902-1 100 875,117,124,125;
876 p 1 1 100 1 40 10 0;117-1;p2000112-1 100 876,117,124,125;
877 p 1 1 100 1 40 10 0;117-1;p1999868-1 100 877,117,124,125;
878 p 1 1 100 1 40 10 0;117-1;p1999884-1 100 878,117,124,125;
879 p 1 1 100 1 40 10 0;117-1;p1999827-1 100 879,117,124,125;
880 p 1 1 100 1 40 10 0;117-1;p2000014-1 100 880,117,124,125;
881 p 1 1 100 1 40 10 0;117-1;p1999959-1 100 881,117,124,125;
882 p 1 1 100 1 40 10 0;117-1;p1999826-1 100 882,117,124,125;
883 p 1 1 100 1 40 10 0;117-1;p2000115-1 100 883,117,124,125;
884 p 1 1 100 1 40 10 0;117-1;p2000062-1 100 884,117,124,125;
885 p 1 1 100 1 40 10 0;117-1;p2000140-1 100 885,117,124,125;
886 p 1 1 100 1 40 10 0;117-1;p2000100-1 100 886,117,124,125;
887 p 1 1 100 1 40 10 0;117-1;p1999901-1 100 887,117,124,125;
888 p 1 1 100 1 40 10 0;117-1;p2000156-1 100 888,117,124,125;
889 p 1 1 100 1 40 10 0;117-1;p2000110-1 100 889,117,124,125;
890 p 1 1 100 1 40 10 0;117-1;p2000121-1 100 890,117,124,125;
891 p 1 1 100 1 40 10 0;118-1;p2000123-1 100 891,118,124,125;
892 p 1 1 100 1 40 10 0;118-1;p1999911-1 100 892,118,124,125;
893 p 1 1 100 1 40 10 0;118-1;p1999884-1 100 893,118,124,125;
894 p 1 1 100 1 40 10 0;118-1;p1999844-1 100 894,118,124,125;
895 p 1 1 100 1 40 10 0;118-1;p1999894-1 100 895,118,124,125;
896 p 1 1 100 1 40 10 0;118-1;p1999928-1 100 896,118,124,125;
897 p 1 1 100 1 40 10 0;118-1;p2000163-1 100 897,118,124,125;
898 p 1 1 100 1 40 10 0;118-1;p1999975-1 100 898,118,124,125;
899 p 1 1 100 1 40 10 0;118-1;p2000171-1 100 899,118,124,125;
900 p 1 1 100 1 40 10 0;118-1;p2000176-1 100 900,118,124,125;
901 p 1 1 100 1 40 10 0;118-1;p1999942-1 100 901,118,124,125;
902 p 1 1 100 1 40 10 0;118-1;p1999804-1 100 902,118,124,125;
903 p 1 1 100 1 40 10 0;118-1;p2000090-1 100 903,118,124,125;
904 p 1 1 100 1 40 10 0;118-1;p2000105-1 100 904,118,124,125;
905 p 1 1 100 1 40 10 0;118-1;p2000073-1 100 905,118,124,125;
906 p 1 1 100 1 40 10 0;118-1;p1999902-1 100 906,118,124,125;
907 p 1 1 100 1 40 10 0;118-1;p2000066-1 100 907,118,124,125;
908 p 1 1 100 1 40 10 0;118-1;p2000196-1 100 908,118,124,125;
909 p 1 1 100 1 40 10 0;118-1;p2000162-1 100 909,118,124,125;
910 p 1 1 100 1 40 10 0;118-1;p1999991-1 100 910,118,124,125;
911 p 1 1 100 1 40 10 0;118-1;p2000067-1 100 911,118,124,125;
912 p 1 1 100 1 40 10 0;118-1;p1999968-1 100 912,118,124,125;
913 p 1 1 100 1 40 10 0;118-1;p2000122-1 100 913,118,124,125;
914 p 1 1 100 1 40 10 0;118-1;p1999970-1 100 914,118,124,125;
915 p 1 1 100 1 40 10 0;118-1;p1999871-1 100 915,118,124,125;
916 p 1 1 100 1 40 10 0;118-1;p2000111-1 100 916,118,124,125;
917 p 1 1 100 1 40 10 0;118-1;p2000054-1 100 917,118,124,125;
918 p 1 1 100 1 40 10 0;118-1;p1999919-1 100 918,118,124,125;
919 p 1 1 100 1 40 10 0;118-1;p2000102-1 100 919,118,124,125;
920 p 1 1 100 1 40 10 0;118-1;p1999902-1 100 920,118,124,125;
921 p 1 1 100 1 40 10 0;118-1;p2000112-1 100 921,118,124,125;
922 p 1 1 100 1 40 10 0;118-1;p1999868-1 100 922,118,124,125;
923 p 1 1 100 1 40 10 0;118-1;p1999884-1 100 923,118,124,125;
924 p 1 1 100 1 40 10 0;118-1;p1999827-1 100 924,118,124,125;
925 p 1 1 100 1 40 10 0;118-1;p2000014-1 100 925,118,124,125;
926 p 1 1 100 1 40 10 0;118-1;p1999959-1 100 926,118,124,125;
927 p 1 1 100 1 40 10 0;118-1;p1999826-1 100 927,118,124,125;
928 p 1 1 100 1 40 10 0;118-1;p2000115-1 100 928,118,124,125;
929 p 1 1 100 1 40 10 0;118-1;p2000062-1 100 929,118,124,125;
930 p 1 1 100 1 40 10 0;118-1;p2000140-1 100 930,118,124,125;
931 p 1 1 100 1 40 10 0;118-1;p2000100-1 100 931,118,124,125;
932 p 1 1 100 1 40 10 0;118-1;p1999901-1 100 932,118,124,125;
933 p 1 1 100 1 40 10 0;118-1;p2000156-1 100 933,118,124,125;
934 p 1 1 100 1 40 10 0;118-1;p2000110-1 100 934,118,124,125;
935 p 1 1 100 1 40 10 0;118-1;p2000121-1 100 935,118,124,125;
936 p 1 1 100 1 40 10 0;119-1;p2000123-1 100 936,119,124,125;
937 p 1 1 100 1 40 10 0;119-1;p1999911-1 100 937,119,124,125;
938 p 1 1 100 1 40 10 0;119-1;p1999884-1 100 938,119,124,125;
939 p 1 1 100 1 40 10 0;119-1;p1999844-1 100 939,119,124,125;
940 p 1 1 100 1 40 10 0;119-1;p1999894-1 100 940,119,124,125;
941 p 1 1 100 1 40 10 0;119-1;p1999928-1 100 941,119,124,125;
942 p 1 1 100 1 40 10 0;119-1;p2000163-1 100 942,119,124,125;
943 p 1 1 100 1 40 10 0;119-1;p1999975-1 100 943,119,124,125;
944 p 1 1 100 1 40 10 0;119-1;p2000171-1 100 944,119,124,125;
945 p 1 1 100 1 40 10 0;119-1;p2000176-1 100 945,119,124,125;
946 p 1 1 100 1 40 10 0;119-1;p1999942-1 100 946,119,124,125;
947 p 1 1 100 1 40 10 0;119-1;p1999804-1 100 947,119,124,125;
948 p 1 1 100 1 40 10 0;119-1;p2000090-1 100 948,119,124,125;
949 p 1 1 100 1 40 10 0;119-1;p2000105-1 100 949,119,124,125;
950 p 1 1 100 1 40 10 0;119-1;p2000073-1 100 950,119,124,125;
951 p 1 1 100 1 40 10 0;119-1;p1999902-1 100 951,119,124,125;
952 p 1 1 100 1 40 10 0;119-1;p2000066-1 100 952,119,124,125;
953 p 1 1 100 1 40 10 0;119-1;p2000196-1 100 953,119,124,125;
954 p 1 1 100 1 40 10 0;119-1;p2000162-1 100 954,119,124,125;
955 p 1 1 100 1 40 10 0;119-1;p1999991-1 100 955,119,124,125;
956 p 1 1 100 1 40 10 0;119-1;p2000067-1 100 956,119,124,125;
957 p 1 1 100 1 40 10 0;119-1;p1999968-1 100 957,119,124,125;
958 p 1 1 100 1 40 10 0;119-1;p2000122-1 100 958,119,124,125;
959 p 1 1 100 1 40 10 0;119-1;p1999970-1 100 959,119,124,125;
960 p 1 1 100 1 40 10 0;119-1;p1999871-1 100 960,119,124,125;
961 p 1 1 100 1 40 10 0;119-1;p2000111-1 100 961,119,124,125;
962 p 1 1 100 1 40 10 0;119-1;p2000054-1 100 962,119,124,125;
963 p 1 1 100 1 40 10 0;119-1;p1999919-1 100 963,119,124,125;
964 p 1 1 100 1 40 10 0;119-1;p2000102-1 100 964,119,124,125;
965 p 1 1 100 1 40 10 0;119-1;p1999902-1 100 965,119,124,125;
966 p 1 1 100 1 40 10 0;119-1;p2000112-1 100 966,119,124,125;
967 p 1 1 100 1 40 10 0;119-1;p1999868-1 100 967,119,124,125;
968 p 1 1 100 1 40 10 0;119-1;p1999884-1 100 968,119,124,125;
969 p 1 1 100 1 40 10 0;119-1;p1999827-1 100 969,119,124,125;
970 p 1 1 100 1 40 10 0;119-1;p2000014-1 100 970,119,124,125;
971 p 1 1 100 1 40 10 0;119-1;p1999959-1 100 971,119,124,125;
972 p 1 1 100 1 40 10 0;119-1;p1999826-1 100 972,119,124,125;
973 p 1 1 100 1 40 10 0;119-1;p2000115-1 100 973,119,124,125;
974 p 1 1 100 1 40 10 0;119-1;p2000062-1 100 974,119,124,125;
975 p 1 1 100 1 40 10 0;119-1;p2000140-1 100 975,119,124,125;
976 p 1 1 100 1 40 10 0;119-1;p2000100-1 100 976,119,124,125;
977 p 1 1 100 1 40 10 0;119-1;p1999901-1 100 977,119,124,125;
978 p 1 1 100 1 40 10 0;119-1;p2000156-1 100 978,119,124,125;
979 p 1 1 100 1 40 10 0;119-1;p2000110-1 100 979,119,124,125;
980 p 1 1 100 1 40 10 0;119-1;p2000121-1 100 980,119,124,125;
981 p 1 1 100 1 40 10 0;120-1;p2000123-1 100 981,120,124,125;
982 p 1 1 100 1 40 10 0;120-1;p1999911-1 100 982,120,124,125;
983 p 1 1 100 1 40 10 0;120-1;p1999884-1 100 983,120,124,125;
984 p 1 1 100 1 40 10 0;120-1;p1999844-1 100 984,120,124,125;
985 p 1 1 100 1 40 10 0;120-1;p1999894-1 100 985,120,124,125;
986 p 1 1 100 1 40 10 0;120-1;p1999928-1 100 986,120,124,125;
987 p 1 1 100 1 40 10 0;120-1;p2000163-1 100 987,120,124,125;
988 p 1 1 100 1 40 10 0;120-1;p1999975-1 100 988,120,124,125;
989 p 1 1 100 1 40 10 0;120-1;p2000171-1 100 989,120,124,125;
990 p 1 1 100 1 40 10 0;120-1;p2000176-1 100 990,120,124,125;
991 p 1 1 100 1 40 10 0;120-1;p1999942-1 100 991,120,124,125;
992 p 1 1 100 1 40 10 0;120-1;p1999804-1 100 992,120,124,125;
993 p 1 1 100 1 40 10 0;120-1;p2000090-1 100 993,120,124,125;
994 p 1 1 100 1 40 10 0;120-1;p2000105-1 100 994,120,124,125;
995 p 1 1 100 1 40 10 0;120-1;p2000073-1 100 995,120,124,125;
996 p 1 1 100 1 40 10 0;120-1;p1999902-1 100 996,120,124,125;
997 p 1 1 100 1 40 10 0;120-1;p2000066-1 100 997,120,124,125;
998 p 1 1 100 1 40 10 0;120-1;p2000196-1 100 998,120,124,125;
999 p 1 1 100 1 40 10 0;120-1;p2000162-1 100 999,120,124,125;
1000 p 1 1 100 1 40 10 0;120-1;p1999991-1 100 1000,120,124,125;
1001 p 1 1 100 1 40 10 0;120-1;p2000067-1 100 1001,120,124,125;
1002 p 1 1 100 1 40 10 0;120-1;p1999968-1 100 1002,120,124,125;
1003 p 1 1 100 1 40 10 0;120-1;p2000122-1 100 1003,120,124,125;
1004 p 1 1 100 1 40 10 0;120-1;p1999970-1 100 1004,120,124,125;
1005 p 1 1 100 1 40 10 0;120-1;p1999871-1 100 1005,120,124,125;
1006 p 1 1 100 1 40 10 0;120-1;p2000111-1 100 1006,120,124,125;
1007 p 1 1 100 1 40 10 0;120-1;p2000054-1 100 1007,120,124,125;
1008 p 1 1 100 1 40 10 0;120-1;p1999919-1 100 1008,120,124,125;
1009 p 1 1 100 1 40 10 0;120-1;p2000102-1 100 1009,120,124,125;
1010 p 1 1 100 1 40 10 0;120-1;p1999902-1 100 1010,120,124,125;
1011 p 1 1 100 1 40 10 0;120-1;p2000112-1 100 1011,120,124,125;
1012 p 1 1 100 1 40 10 0;120-1;p1999868-1 100 1012,120,124,125;
1013 p 1 1 100 1 40 10 0;120-1;p1999884-1 100 1013,120,124,125;
1014 p 1 1 100 1 40 10 0;120-1;p1999827-1 100 1014,120,124,125;
1015 p 1 1 100 1 40 10 0;120-1;p2000014-1 100 1015,120,124,125;
1016 p 1 1 100 1 40 10 0;120-1;p1999959-1 100 1016,120,124,125;
1017 p 1 1 100 1 40 10 0;120-1;p1999826-1 100 1017,120,124,125;
1018 p 1 1 100 1 40 10 0;120-1;p2000115-1 100 1018,120,124,125;
1019 p 1 1 100 1 40 10 0;120-1;p2000062-1 100 1019,120,124,125;
1020 p 1 1 100 1 40 10 0;120-1;p2000140-1 100 1020,120,124,125;
1021 p 1 1 100 1 40 10 0;120-1;p2000100-1 100 1021,120,124,125;
1022 p 1 1 100 1 40 10 0;120-1;p1999901-1 100 1022,120,124,125;
1023 p 1 1 100 1 40 10 0;120-1;p2000156-1 100 1023,120,124,125;
1024 p 1 1 100 1 40 10 0;120-1;p2000110-1 100 1024,120,124,125;
1025 p 1 1 100 1 40 10 0;120-1;p2000121-1 100 1025,120,124,125;
0 0
