1 p 10347.6949421911 1 100 100 50 10 0;201-1;p100-1 10 1,201,203;
2 p 9763.79039337104 1 100 100 50 10 0;201-1;p100-1 10 2,201,203;
3 p 10059.8578143678 1 100 100 50 10 0;201-1;p100-1 10 3,201,203;
4 p 9573.36508718942 1 100 100 50 10 0;201-1;p100-1 10 4,201,203;
5 p 9788.60152898757 1 100 100 50 10 0;201-1;p100-1 10 5,201,203;
6 p 9595.52217232786 1 100 100 50 10 0;201-1;p100-1 10 6,201,203;
7 p 10407.7466693277 1 100 100 50 10 0;201-1;p100-1 10 7,201,203;
8 p 9871.59879010711 1 100 100 50 10 0;201-1;p100-1 10 8,201,203;
9 p 10296.1564184149 1 100 100 50 10 0;201-1;p100-1 10 9,201,203;
10 p 10474.6831557596 1 100 100 50 10 0;201-1;p100-1 10 10,201,203;
11 p 9540.10514358063 1 100 100 50 10 0;201-1;p100-1 10 11,201,203;
12 p 10292.9409769331 1 100 100 50 10 0;201-1;p100-1 10 12,201,203;
13 p 10435.9974218234 1 100 100 50 10 0;201-1;p100-1 10 13,201,203;
14 p 10083.9788162075 1 100 100 50 10 0;201-1;p100-1 10 14,201,203;
15 p 10191.4217759349 1 100 100 50 10 0;201-1;p100-1 10 15,201,203;
16 p 10382.3922341142 1 100 100 50 10 0;201-1;p100-1 10 16,201,203;
17 p 10279.8459854814 1 100 100 50 10 0;201-1;p100-1 10 17,201,203;
18 p 10045.166177929 1 100 100 50 10 0;201-1;p100-1 10 18,201,203;
19 p 10477.6704586007 1 100 100 50 10 0;201-1;p100-1 10 19,201,203;
20 p 9751.21735374034 1 100 100 50 10 0;201-1;p100-1 10 20,201,203;
21 p 9588.24276322883 1 100 100 50 10 0;201-1;p100-1 10 21,201,203;
22 p 10307.378091294 1 100 100 50 10 0;201-1;p100-1 10 22,201,203;
23 p 9608.10137219173 1 100 100 50 10 0;201-1;p100-1 10 23,201,203;
24 p 9740.25229049858 1 100 100 50 10 0;201-1;p100-1 10 24,201,203;
25 p 10400.0339540187 1 100 100 50 10 0;201-1;p100-1 10 25,201,203;
26 p 9507.43594020951 1 100 100 50 10 0;201-1;p100-1 10 26,201,203;
27 p 9515.75642452378 1 100 100 50 10 0;201-1;p100-1 10 27,201,203;
28 p 9746.8564101713 1 100 100 50 10 0;201-1;p100-1 10 28,201,203;
29 p 9962.18470319276 1 100 100 50 10 0;201-1;p100-1 10 29,201,203;
30 p 10269.0021343385 1 100 100 50 10 0;201-1;p100-1 10 30,201,203;
31 p 9874.50291699474 1 100 100 50 10 0;201-1;p100-1 10 31,201,203;
32 p 10144.5865731894 1 100 100 50 10 0;201-1;p100-1 10 32,201,203;
33 p 9516.07317105684 1 100 100 50 10 0;201-1;p100-1 10 33,201,203;
34 p 10011.7232312969 1 100 100 50 10 0;201-1;p100-1 10 34,201,203;
35 p 10066.0706812358 1 100 100 50 10 0;201-1;p100-1 10 35,201,203;
36 p 9593.95544002483 1 100 100 50 10 0;201-1;p100-1 10 36,201,203;
37 p 10396.0423608758 1 100 100 50 10 0;201-1;p100-1 10 37,201,203;
38 p 10269.8104804241 1 100 100 50 10 0;201-1;p100-1 10 38,201,203;
39 p 10221.4682813368 1 100 100 50 10 0;201-1;p100-1 10 39,201,203;
40 p 9658.66018652854 1 100 100 50 10 0;201-1;p100-1 10 40,201,203;
41 p 9701.45597877049 1 100 100 50 10 0;201-1;p100-1 10 41,201,203;
42 p 10490.663909349 1 100 100 50 10 0;201-1;p100-1 10 42,201,203;
43 p 9894.63945543144 1 100 100 50 10 0;201-1;p100-1 10 43,201,203;
44 p 10200.4386120012 1 100 100 50 10 0;201-1;p100-1 10 44,201,203;
45 p 9898.61029032553 1 100 100 50 10 0;201-1;p100-1 10 45,201,203;
46 p 10310.3452743079 1 100 100 50 10 0;201-1;p100-1 10 46,201,203;
47 p 10014.9939803011 1 100 100 50 10 0;201-1;p100-1 10 47,201,203;
48 p 9893.99287076387 1 100 100 50 10 0;201-1;p100-1 10 48,201,203;
49 p 9922.19722989118 1 100 100 50 10 0;201-1;p100-1 10 49,201,203;
50 p 10322.0957242055 1 100 100 50 10 0;201-1;p100-1 10 50,201,203;
51 p 9867.6664472407 1 100 100 50 10 0;201-1;p100-1 10 51,201,203;
52 p 10125.6353187494 1 100 100 50 10 0;201-1;p100-1 10 52,201,203;
53 p 10422.3636015888 1 100 100 50 10 0;201-1;p100-1 10 53,201,203;
54 p 10280.9128983789 1 100 100 50 10 0;201-1;p100-1 10 54,201,203;
55 p 9980.92106798707 1 100 100 50 10 0;201-1;p100-1 10 55,201,203;
56 p 9540.31685089707 1 100 100 50 10 0;201-1;p100-1 10 56,201,203;
57 p 9655.68902117931 1 100 100 50 10 0;201-1;p100-1 10 57,201,203;
58 p 9819.60552386921 1 100 100 50 10 0;201-1;p100-1 10 58,201,203;
59 p 9673.33113317067 1 100 100 50 10 0;201-1;p100-1 10 59,201,203;
60 p 9781.16558877805 1 100 100 50 10 0;201-1;p100-1 10 60,201,203;
61 p 9579.76574780409 1 100 100 50 10 0;201-1;p100-1 10 61,201,203;
62 p 10160.8902591564 1 100 100 50 10 0;201-1;p100-1 10 62,201,203;
63 p 10409.4140869143 1 100 100 50 10 0;201-1;p100-1 10 63,201,203;
64 p 9527.15428407637 1 100 100 50 10 0;201-1;p100-1 10 64,201,203;
65 p 10100.1802387648 1 100 100 50 10 0;201-1;p100-1 10 65,201,203;
66 p 9895.51857039124 1 100 100 50 10 0;201-1;p100-1 10 66,201,203;
67 p 10276.8678058762 1 100 100 50 10 0;201-1;p100-1 10 67,201,203;
68 p 9924.27419052658 1 100 100 50 10 0;201-1;p100-1 10 68,201,203;
69 p 9517.9081349717 1 100 100 50 10 0;201-1;p100-1 10 69,201,203;
70 p 10097.4663359101 1 100 100 50 10 0;201-1;p100-1 10 70,201,203;
71 p 10486.3498732384 1 100 100 50 10 0;201-1;p100-1 10 71,201,203;
72 p 9510.03550505733 1 100 100 50 10 0;201-1;p100-1 10 72,201,203;
73 p 10323.6978965922 1 100 100 50 10 0;201-1;p100-1 10 73,201,203;
74 p 10319.0102720722 1 100 100 50 10 0;201-1;p100-1 10 74,201,203;
75 p 9549.76137496986 1 100 100 50 10 0;201-1;p100-1 10 75,201,203;
76 p 9597.57885387986 1 100 100 50 10 0;201-1;p100-1 10 76,201,203;
77 p 9912.73863586259 1 100 100 50 10 0;201-1;p100-1 10 77,201,203;
78 p 9907.66276019051 1 100 100 50 10 0;201-1;p100-1 10 78,201,203;
79 p 10341.6420001731 1 100 100 50 10 0;201-1;p100-1 10 79,201,203;
80 p 9589.68867971082 1 100 100 50 10 0;201-1;p100-1 10 80,201,203;
81 p 9992.44195990844 1 100 100 50 10 0;201-1;p100-1 10 81,201,203;
82 p 10121.7635537599 1 100 100 50 10 0;201-1;p100-1 10 82,201,203;
83 p 10324.6591802801 1 100 100 50 10 0;201-1;p100-1 10 83,201,203;
84 p 10140.0889789872 1 100 100 50 10 0;201-1;p100-1 10 84,201,203;
85 p 9901.33568709778 1 100 100 50 10 0;201-1;p100-1 10 85,201,203;
86 p 10248.8675982453 1 100 100 50 10 0;201-1;p100-1 10 86,201,203;
87 p 10222.2229716006 1 100 100 50 10 0;201-1;p100-1 10 87,201,203;
88 p 9735.16027267797 1 100 100 50 10 0;201-1;p100-1 10 88,201,203;
89 p 9530.80216330979 1 100 100 50 10 0;201-1;p100-1 10 89,201,203;
90 p 10025.7538303387 1 100 100 50 10 0;201-1;p100-1 10 90,201,203;
91 p 10438.2664188455 1 100 100 50 10 0;201-1;p100-1 10 91,201,203;
92 p 10076.4368370066 1 100 100 50 10 0;201-1;p100-1 10 92,201,203;
93 p 10096.4793472534 1 100 100 50 10 0;201-1;p100-1 10 93,201,203;
94 p 9940.30269255876 1 100 100 50 10 0;201-1;p100-1 10 94,201,203;
95 p 9578.89443872445 1 100 100 50 10 0;201-1;p100-1 10 95,201,203;
96 p 10040.5657196141 1 100 100 50 10 0;201-1;p100-1 10 96,201,203;
97 p 9581.24982243462 1 100 100 50 10 0;201-1;p100-1 10 97,201,203;
98 p 9867.48517135507 1 100 100 50 10 0;201-1;p100-1 10 98,201,203;
99 p 9600.2583732364 1 100 100 50 10 0;201-1;p100-1 10 99,201,203;
100 p 9503.09171993429 1 100 100 50 10 0;201-1;p100-1 10 100,201,203;
101 p 9533.47746843168 1 100 100 50 10 0;202-1;p100-1 10 101,202,203;
102 p 9590.71978977449 1 100 100 50 10 0;202-1;p100-1 10 102,202,203;
103 p 9876.08473579217 1 100 100 50 10 0;202-1;p100-1 10 103,202,203;
104 p 10324.7308939811 1 100 100 50 10 0;202-1;p100-1 10 104,202,203;
105 p 10335.7458509671 1 100 100 50 10 0;202-1;p100-1 10 105,202,203;
106 p 9857.63094218338 1 100 100 50 10 0;202-1;p100-1 10 106,202,203;
107 p 10301.9374221572 1 100 100 50 10 0;202-1;p100-1 10 107,202,203;
108 p 9603.35332951665 1 100 100 50 10 0;202-1;p100-1 10 108,202,203;
109 p 10231.151523409 1 100 100 50 10 0;202-1;p100-1 10 109,202,203;
110 p 9883.34221410721 1 100 100 50 10 0;202-1;p100-1 10 110,202,203;
111 p 10127.5782150345 1 100 100 50 10 0;202-1;p100-1 10 111,202,203;
112 p 10248.0262609888 1 100 100 50 10 0;202-1;p100-1 10 112,202,203;
113 p 9977.96352369616 1 100 100 50 10 0;202-1;p100-1 10 113,202,203;
114 p 9583.64245345986 1 100 100 50 10 0;202-1;p100-1 10 114,202,203;
115 p 10288.7236288696 1 100 100 50 10 0;202-1;p100-1 10 115,202,203;
116 p 9958.00219404418 1 100 100 50 10 0;202-1;p100-1 10 116,202,203;
117 p 10336.2310788763 1 100 100 50 10 0;202-1;p100-1 10 117,202,203;
118 p 9769.32510792712 1 100 100 50 10 0;202-1;p100-1 10 118,202,203;
119 p 10125.8185969786 1 100 100 50 10 0;202-1;p100-1 10 119,202,203;
120 p 10351.3126405195 1 100 100 50 10 0;202-1;p100-1 10 120,202,203;
121 p 10173.2955987907 1 100 100 50 10 0;202-1;p100-1 10 121,202,203;
122 p 10041.7075331983 1 100 100 50 10 0;202-1;p100-1 10 122,202,203;
123 p 9893.47202721679 1 100 100 50 10 0;202-1;p100-1 10 123,202,203;
124 p 9992.15430463299 1 100 100 50 10 0;202-1;p100-1 10 124,202,203;
125 p 10159.1999170646 1 100 100 50 10 0;202-1;p100-1 10 125,202,203;
126 p 9909.91303623184 1 100 100 50 10 0;202-1;p100-1 10 126,202,203;
127 p 9913.55615780389 1 100 100 50 10 0;202-1;p100-1 10 127,202,203;
128 p 9883.39520403342 1 100 100 50 10 0;202-1;p100-1 10 128,202,203;
129 p 10240.1158333477 1 100 100 50 10 0;202-1;p100-1 10 129,202,203;
130 p 10009.1956553558 1 100 100 50 10 0;202-1;p100-1 10 130,202,203;
131 p 9516.32903144524 1 100 100 50 10 0;202-1;p100-1 10 131,202,203;
132 p 9545.25346450752 1 100 100 50 10 0;202-1;p100-1 10 132,202,203;
133 p 9807.40438695411 1 100 100 50 10 0;202-1;p100-1 10 133,202,203;
134 p 10338.5502802388 1 100 100 50 10 0;202-1;p100-1 10 134,202,203;
135 p 9556.21121127913 1 100 100 50 10 0;202-1;p100-1 10 135,202,203;
136 p 9901.72217013395 1 100 100 50 10 0;202-1;p100-1 10 136,202,203;
137 p 9745.67881796774 1 100 100 50 10 0;202-1;p100-1 10 137,202,203;
138 p 10499.9282862991 1 100 100 50 10 0;202-1;p100-1 10 138,202,203;
139 p 10304.3431280201 1 100 100 50 10 0;202-1;p100-1 10 139,202,203;
140 p 9543.70474491441 1 100 100 50 10 0;202-1;p100-1 10 140,202,203;
141 p 10446.9301760881 1 100 100 50 10 0;202-1;p100-1 10 141,202,203;
142 p 10118.8696420839 1 100 100 50 10 0;202-1;p100-1 10 142,202,203;
143 p 10004.008749269 1 100 100 50 10 0;202-1;p100-1 10 143,202,203;
144 p 10147.4599492026 1 100 100 50 10 0;202-1;p100-1 10 144,202,203;
145 p 10398.1756153042 1 100 100 50 10 0;202-1;p100-1 10 145,202,203;
146 p 9690.24015785672 1 100 100 50 10 0;202-1;p100-1 10 146,202,203;
147 p 9598.4733133104 1 100 100 50 10 0;202-1;p100-1 10 147,202,203;
148 p 10012.8368937936 1 100 100 50 10 0;202-1;p100-1 10 148,202,203;
149 p 10151.5790636891 1 100 100 50 10 0;202-1;p100-1 10 149,202,203;
150 p 10120.8922446803 1 100 100 50 10 0;202-1;p100-1 10 150,202,203;
151 p 10204.3346407378 1 100 100 50 10 0;202-1;p100-1 10 151,202,203;
152 p 10311.9247145075 1 100 100 50 10 0;202-1;p100-1 10 152,202,203;
153 p 10241.6665743765 1 100 100 50 10 0;202-1;p100-1 10 153,202,203;
154 p 9748.94573271691 1 100 100 50 10 0;202-1;p100-1 10 154,202,203;
155 p 9829.79612114364 1 100 100 50 10 0;202-1;p100-1 10 155,202,203;
156 p 9991.76993523341 1 100 100 50 10 0;202-1;p100-1 10 156,202,203;
157 p 10197.2477625577 1 100 100 50 10 0;202-1;p100-1 10 157,202,203;
158 p 10383.9304311592 1 100 100 50 10 0;202-1;p100-1 10 158,202,203;
159 p 9665.53097691645 1 100 100 50 10 0;202-1;p100-1 10 159,202,203;
160 p 9925.83281473528 1 100 100 50 10 0;202-1;p100-1 10 160,202,203;
161 p 10444.0747843795 1 100 100 50 10 0;202-1;p100-1 10 161,202,203;
162 p 9918.54221812382 1 100 100 50 10 0;202-1;p100-1 10 162,202,203;
163 p 9863.23749616893 1 100 100 50 10 0;202-1;p100-1 10 163,202,203;
164 p 9721.95586805323 1 100 100 50 10 0;202-1;p100-1 10 164,202,203;
165 p 9867.01318266197 1 100 100 50 10 0;202-1;p100-1 10 165,202,203;
166 p 10082.324750527 1 100 100 50 10 0;202-1;p100-1 10 166,202,203;
167 p 9940.62187403469 1 100 100 50 10 0;202-1;p100-1 10 167,202,203;
168 p 10139.4132434574 1 100 100 50 10 0;202-1;p100-1 10 168,202,203;
169 p 9527.43124218072 1 100 100 50 10 0;202-1;p100-1 10 169,202,203;
170 p 9887.00145873567 1 100 100 50 10 0;202-1;p100-1 10 170,202,203;
171 p 9712.32337607645 1 100 100 50 10 0;202-1;p100-1 10 171,202,203;
172 p 10336.3027925772 1 100 100 50 10 0;202-1;p100-1 10 172,202,203;
173 p 9964.98197990702 1 100 100 50 10 0;202-1;p100-1 10 173,202,203;
174 p 10082.1138520642 1 100 100 50 10 0;202-1;p100-1 10 174,202,203;
175 p 10404.3824644314 1 100 100 50 10 0;202-1;p100-1 10 175,202,203;
176 p 9554.42595670671 1 100 100 50 10 0;202-1;p100-1 10 176,202,203;
177 p 9537.69878392932 1 100 100 50 10 0;202-1;p100-1 10 177,202,203;
178 p 10246.0120780142 1 100 100 50 10 0;202-1;p100-1 10 178,202,203;
179 p 10093.9786893288 1 100 100 50 10 0;202-1;p100-1 10 179,202,203;
180 p 9968.95975920789 1 100 100 50 10 0;202-1;p100-1 10 180,202,203;
181 p 9811.43972292144 1 100 100 50 10 0;202-1;p100-1 10 181,202,203;
182 p 10400.7192640103 1 100 100 50 10 0;202-1;p100-1 10 182,202,203;
183 p 10231.8161403443 1 100 100 50 10 0;202-1;p100-1 10 183,202,203;
184 p 9619.22358866745 1 100 100 50 10 0;202-1;p100-1 10 184,202,203;
185 p 10304.861014618 1 100 100 50 10 0;202-1;p100-1 10 185,202,203;
186 p 9704.40431693774 1 100 100 50 10 0;202-1;p100-1 10 186,202,203;
187 p 9803.58689013104 1 100 100 50 10 0;202-1;p100-1 10 187,202,203;
188 p 9558.45865423719 1 100 100 50 10 0;202-1;p100-1 10 188,202,203;
189 p 10008.7541590951 1 100 100 50 10 0;202-1;p100-1 10 189,202,203;
190 p 10064.4412760457 1 100 100 50 10 0;202-1;p100-1 10 190,202,203;
191 p 10204.4744075762 1 100 100 50 10 0;202-1;p100-1 10 191,202,203;
192 p 9861.74838680855 1 100 100 50 10 0;202-1;p100-1 10 192,202,203;
193 p 10334.3973093826 1 100 100 50 10 0;202-1;p100-1 10 193,202,203;
194 p 9878.51031328482 1 100 100 50 10 0;202-1;p100-1 10 194,202,203;
195 p 9599.62996053492 1 100 100 50 10 0;202-1;p100-1 10 195,202,203;
196 p 10028.3879579643 1 100 100 50 10 0;202-1;p100-1 10 196,202,203;
197 p 9755.63214591501 1 100 100 50 10 0;202-1;p100-1 10 197,202,203;
198 p 9782.05288121572 1 100 100 50 10 0;202-1;p100-1 10 198,202,203;
199 p 9780.44676654062 1 100 100 50 10 0;202-1;p100-1 10 199,202,203;
200 p 9815.85086477727 1 100 100 50 10 0;202-1;p100-1 10 200,202,203;
201 c 100554.954174699 1 100 100 400 50 0;1-1,2-1,3-1,4-1,5-1,6-1,7-1,8-1,9-1,10-1,11-1,12-1,13-1,14-1,15-1,16-1,17-1,18-1,19-1,20-1,21-1,22-1,23-1,24-1,25-1,26-1,27-1,28-1,29-1,30-1,31-1,32-1,33-1,34-1,35-1,36-1,37-1,38-1,39-1,40-1,41-1,42-1,43-1,44-1,45-1,46-1,47-1,48-1,49-1,50-1,51-1,52-1,53-1,54-1,55-1,56-1,57-1,58-1,59-1,60-1,61-1,62-1,63-1,64-1,65-1,66-1,67-1,68-1,69-1,70-1,71-1,72-1,73-1,74-1,75-1,76-1,77-1,78-1,79-1,80-1,81-1,82-1,83-1,84-1,85-1,86-1,87-1,88-1,89-1,90-1,91-1,92-1,93-1,94-1,95-1,96-1,97-1,98-1,99-1,100-1,203-2;
202 c 104159.30061562 1 100 100 400 50 0;101-1,102-1,103-1,104-1,105-1,106-1,107-1,108-1,109-1,110-1,111-1,112-1,113-1,114-1,115-1,116-1,117-1,118-1,119-1,120-1,121-1,122-1,123-1,124-1,125-1,126-1,127-1,128-1,129-1,130-1,131-1,132-1,133-1,134-1,135-1,136-1,137-1,138-1,139-1,140-1,141-1,142-1,143-1,144-1,145-1,146-1,147-1,148-1,149-1,150-1,151-1,152-1,153-1,154-1,155-1,156-1,157-1,158-1,159-1,160-1,161-1,162-1,163-1,164-1,165-1,166-1,167-1,168-1,169-1,170-1,171-1,172-1,173-1,174-1,175-1,176-1,177-1,178-1,179-1,180-1,181-1,182-1,183-1,184-1,185-1,186-1,187-1,188-1,189-1,190-1,191-1,192-1,193-1,194-1,195-1,196-1,197-1,198-1,199-1,200-1,203-2;
203 c 1000688.21420459 1 100 100 800 80 0;201-2,202-2;
0 0
