1 1 1 100 1000 101-1;p2000000-1 500 1,101,121,125;
2 1 1 100 1000 101-1;p2000000-1 500 2,101,121,125;
3 1 1 100 1000 101-1;p2000000-1 500 3,101,121,125;
4 1 1 100 1000 101-1;p2000000-1 500 4,101,121,125;
5 1 1 100 1000 101-1;p2000000-1 500 5,101,121,125;
6 1 1 100 1000 102-1;p2000000-1 500 6,102,121,125;
7 1 1 100 1000 102-1;p2000000-1 500 7,102,121,125;
8 1 1 100 1000 102-1;p2000000-1 500 8,102,121,125;
9 1 1 100 1000 102-1;p2000000-1 500 9,102,121,125;
10 1 1 100 1000 103-1;p2000000-1 500 10,103,121,125;
11 1 1 100 1000 103-1;p2000000-1 500 11,103,121,125;
12 1 1 100 1000 103-1;p2000000-1 500 12,103,121,125;
13 1 1 100 1000 103-1;p2000000-1 500 13,103,121,125;
14 1 1 100 1000 103-1;p2000000-1 500 14,103,121,125;
15 1 1 100 1000 103-1;p2000000-1 500 15,103,121,125;
16 1 1 100 1000 104-1;p2000000-1 500 16,104,121,125;
17 1 1 100 1000 104-1;p2000000-1 500 17,104,121,125;
18 1 1 100 1000 104-1;p2000000-1 500 18,104,121,125;
19 1 1 100 1000 104-1;p2000000-1 500 19,104,121,125;
20 1 1 100 1000 104-1;p2000000-1 500 20,104,121,125;
21 1 1 100 1000 105-1;p2000000-1 500 21,105,121,125;
22 1 1 100 1000 105-1;p2000000-1 500 22,105,121,125;
23 1 1 100 1000 105-1;p2000000-1 500 23,105,121,125;
24 1 1 100 1000 106-1;p2000000-1 500 24,106,122,125;
25 1 1 100 1000 106-1;p2000000-1 500 25,106,122,125;
26 1 1 100 1000 106-1;p2000000-1 500 26,106,122,125;
27 1 1 100 1000 106-1;p2000000-1 500 27,106,122,125;
28 1 1 100 1000 106-1;p2000000-1 500 28,106,122,125;
29 1 1 100 1000 106-1;p2000000-1 500 29,106,122,125;
30 1 1 100 1000 106-1;p2000000-1 500 30,106,122,125;
31 1 1 100 1000 107-1;p2000000-1 500 31,107,122,125;
32 1 1 100 1000 107-1;p2000000-1 500 32,107,122,125;
33 1 1 100 1000 107-1;p2000000-1 500 33,107,122,125;
34 1 1 100 1000 107-1;p2000000-1 500 34,107,122,125;
35 1 1 100 1000 107-1;p2000000-1 500 35,107,122,125;
36 1 1 100 1000 108-1;p2000000-1 500 36,108,122,125;
37 1 1 100 1000 108-1;p2000000-1 500 37,108,122,125;
38 1 1 100 1000 108-1;p2000000-1 500 38,108,122,125;
39 1 1 100 1000 108-1;p2000000-1 500 39,108,122,125;
40 1 1 100 1000 109-1;p2000000-1 500 40,109,122,125;
41 1 1 100 1000 109-1;p2000000-1 500 41,109,122,125;
42 1 1 100 1000 109-1;p2000000-1 500 42,109,122,125;
43 1 1 100 1000 109-1;p2000000-1 500 43,109,122,125;
44 1 1 100 1000 109-1;p2000000-1 500 44,109,122,125;
45 1 1 100 1000 109-1;p2000000-1 500 45,109,122,125;
46 1 1 100 1000 110-1;p2000000-1 500 46,110,122,125;
47 1 1 100 1000 110-1;p2000000-1 500 47,110,122,125;
48 1 1 100 1000 110-1;p2000000-1 500 48,110,122,125;
49 1 1 100 1000 110-1;p2000000-1 500 49,110,122,125;
50 1 1 100 1000 110-1;p2000000-1 500 50,110,122,125;
51 1 1 100 1000 111-1;p2000000-1 500 51,111,123,125;
52 1 1 100 1000 111-1;p2000000-1 500 52,111,123,125;
53 1 1 100 1000 112-1;p2000000-1 500 53,112,123,125;
54 1 1 100 1000 112-1;p2000000-1 500 54,112,123,125;
55 1 1 100 1000 112-1;p2000000-1 500 55,112,123,125;
56 1 1 100 1000 112-1;p2000000-1 500 56,112,123,125;
57 1 1 100 1000 112-1;p2000000-1 500 57,112,123,125;
58 1 1 100 1000 112-1;p2000000-1 500 58,112,123,125;
59 1 1 100 1000 112-1;p2000000-1 500 59,112,123,125;
60 1 1 100 1000 112-1;p2000000-1 500 60,112,123,125;
61 1 1 100 1000 113-1;p2000000-1 500 61,113,123,125;
62 1 1 100 1000 113-1;p2000000-1 500 62,113,123,125;
63 1 1 100 1000 113-1;p2000000-1 500 63,113,123,125;
64 1 1 100 1000 113-1;p2000000-1 500 64,113,123,125;
65 1 1 100 1000 113-1;p2000000-1 500 65,113,123,125;
66 1 1 100 1000 114-1;p2000000-1 500 66,114,123,125;
67 1 1 100 1000 114-1;p2000000-1 500 67,114,123,125;
68 1 1 100 1000 114-1;p2000000-1 500 68,114,123,125;
69 1 1 100 1000 114-1;p2000000-1 500 69,114,123,125;
70 1 1 100 1000 114-1;p2000000-1 500 70,114,123,125;
71 1 1 100 1000 116-1;p2000000-1 500 71,116,124,125;
72 1 1 100 1000 116-1;p2000000-1 500 72,116,124,125;
73 1 1 100 1000 116-1;p2000000-1 500 73,116,124,125;
74 1 1 100 1000 116-1;p2000000-1 500 74,116,124,125;
75 1 1 100 1000 116-1;p2000000-1 500 75,116,124,125;
76 1 1 100 1000 117-1;p2000000-1 500 76,117,124,125;
77 1 1 100 1000 117-1;p2000000-1 500 77,117,124,125;
78 1 1 100 1000 117-1;p2000000-1 500 78,117,124,125;
79 1 1 100 1000 117-1;p2000000-1 500 79,117,124,125;
80 1 1 100 1000 118-1;p2000000-1 500 80,118,124,125;
81 1 1 100 1000 118-1;p2000000-1 500 81,118,124,125;
82 1 1 100 1000 118-1;p2000000-1 500 82,118,124,125;
83 1 1 100 1000 118-1;p2000000-1 500 83,118,124,125;
84 1 1 100 1000 118-1;p2000000-1 500 84,118,124,125;
85 1 1 100 1000 118-1;p2000000-1 500 85,118,124,125;
86 1 1 100 1000 118-1;p2000000-1 500 86,118,124,125;
87 1 1 100 1000 118-1;p2000000-1 500 87,118,124,125;
88 1 1 100 1000 118-1;p2000000-1 500 88,118,124,125;
89 1 1 100 1000 118-1;p2000000-1 500 89,118,124,125;
90 1 1 100 1000 119-1;p2000000-1 500 90,119,124,125;
91 1 1 100 1000 119-1;p2000000-1 500 91,119,124,125;
92 1 1 100 1000 119-1;p2000000-1 500 92,119,124,125;
93 1 1 100 1000 119-1;p2000000-1 500 93,119,124,125;
94 1 1 100 1000 119-1;p2000000-1 500 94,119,124,125;
95 1 1 100 1000 120-1;p2000000-1 500 95,120,124,125;
96 1 1 100 1000 120-1;p2000000-1 500 96,120,124,125;
97 1 1 100 1000 120-1;p2000000-1 500 97,120,124,125;
98 1 1 100 1000 120-1;p2000000-1 500 98,120,124,125;
99 1 1 100 1000 120-1;p2000000-1 500 99,120,124,125;
100 1 1 100 1000 120-1;p2000000-1 500 100,120,124,125;
101 1000 8 100 500 1-1,2-1,3-1,4-1,5-1,121-2;
102 1000 8 100 500 6-1,7-1,8-1,9-1,121-2;
103 1000 8 100 500 10-1,11-1,12-1,13-1,14-1,15-1,121-2;
104 1000 8 100 500 16-1,17-1,18-1,19-1,20-1,121-2;
105 1000 8 100 500 21-1,22-1,23-1,121-2;
106 1000 8 100 500 24-1,25-1,26-1,27-1,28-1,29-1,30-1,122-2;
107 1000 8 100 500 31-1,32-1,33-1,34-1,35-1,122-2;
108 1000 8 100 500 36-1,37-1,38-1,39-1,122-2;
109 1000 8 100 500 40-1,41-1,42-1,43-1,44-1,45-1,122-2;
110 1000 8 100 500 46-1,47-1,48-1,49-1,50-1,122-2;
111 1000 8 100 500 51-1,52-1,123-2;
112 1000 8 100 500 53-1,54-1,55-1,56-1,57-1,58-1,59-1,60-1,123-2;
113 1000 8 100 500 61-1,62-1,63-1,64-1,65-1,123-2;
114 1000 8 100 500 66-1,67-1,68-1,69-1,70-1,123-2;
115 1000 8 100 500 123-2;
116 1000 8 100 500 71-1,72-1,73-1,74-1,75-1,124-2;
117 1000 8 100 500 76-1,77-1,78-1,79-1,124-2;
118 1000 8 100 500 80-1,81-1,82-1,83-1,84-1,85-1,86-1,87-1,88-1,89-1,124-2;
119 1000 8 100 500 90-1,91-1,92-1,93-1,94-1,124-2;
120 1000 8 100 500 95-1,96-1,97-1,98-1,99-1,124-2,100-1;
121 10000 2 100 500 101-2,102-2,103-2,104-2,105-2,125-3;
122 10000 2 100 500 106-2,107-2,108-2,109-2,110-2,125-3;
123 10000 2 100 500 111-2,112-2,113-2,114-2,115-2,125-3;
124 10000 2 100 500 116-2,117-2,118-2,119-2,120-2,125-3;
125 1000000 1 100 500 121-3,122-3,123-3,124-3;
0 0
