1 p 1 1 100 1 40 10 0;1001-1;p2000091-1 100 1,1001,1021,1025;
2 p 1 1 100 1 40 10 0;1001-1;p2000125-1 100 2,1001,1021,1025;
3 p 1 1 100 1 40 10 0;1001-1;p2000063-1 100 3,1001,1021,1025;
4 p 1 1 100 1 40 10 0;1001-1;p2000073-1 100 4,1001,1021,1025;
5 p 1 1 100 1 40 10 0;1001-1;p2000103-1 100 5,1001,1021,1025;
6 p 1 1 100 1 40 10 0;1001-1;p1999842-1 100 6,1001,1021,1025;
7 p 1 1 100 1 40 10 0;1001-1;p2000153-1 100 7,1001,1021,1025;
8 p 1 1 100 1 40 10 0;1001-1;p1999837-1 100 8,1001,1021,1025;
9 p 1 1 100 1 40 10 0;1001-1;p1999857-1 100 9,1001,1021,1025;
10 p 1 1 100 1 40 10 0;1001-1;p2000139-1 100 10,1001,1021,1025;
11 p 1 1 100 1 40 10 0;1001-1;p1999952-1 100 11,1001,1021,1025;
12 p 1 1 100 1 40 10 0;1001-1;p2000151-1 100 12,1001,1021,1025;
13 p 1 1 100 1 40 10 0;1001-1;p2000196-1 100 13,1001,1021,1025;
14 p 1 1 100 1 40 10 0;1001-1;p1999918-1 100 14,1001,1021,1025;
15 p 1 1 100 1 40 10 0;1001-1;p1999995-1 100 15,1001,1021,1025;
16 p 1 1 100 1 40 10 0;1001-1;p2000102-1 100 16,1001,1021,1025;
17 p 1 1 100 1 40 10 0;1001-1;p2000138-1 100 17,1001,1021,1025;
18 p 1 1 100 1 40 10 0;1001-1;p2000113-1 100 18,1001,1021,1025;
19 p 1 1 100 1 40 10 0;1001-1;p2000000-1 100 19,1001,1021,1025;
20 p 1 1 100 1 40 10 0;1001-1;p1999956-1 100 20,1001,1021,1025;
21 p 1 1 100 1 40 10 0;1001-1;p2000168-1 100 21,1001,1021,1025;
22 p 1 1 100 1 40 10 0;1001-1;p2000083-1 100 22,1001,1021,1025;
23 p 1 1 100 1 40 10 0;1001-1;p1999866-1 100 23,1001,1021,1025;
24 p 1 1 100 1 40 10 0;1001-1;p2000063-1 100 24,1001,1021,1025;
25 p 1 1 100 1 40 10 0;1001-1;p1999806-1 100 25,1001,1021,1025;
26 p 1 1 100 1 40 10 0;1001-1;p2000197-1 100 26,1001,1021,1025;
27 p 1 1 100 1 40 10 0;1001-1;p1999990-1 100 27,1001,1021,1025;
28 p 1 1 100 1 40 10 0;1001-1;p2000124-1 100 28,1001,1021,1025;
29 p 1 1 100 1 40 10 0;1001-1;p2000096-1 100 29,1001,1021,1025;
30 p 1 1 100 1 40 10 0;1001-1;p1999846-1 100 30,1001,1021,1025;
31 p 1 1 100 1 40 10 0;1001-1;p2000182-1 100 31,1001,1021,1025;
32 p 1 1 100 1 40 10 0;1001-1;p1999811-1 100 32,1001,1021,1025;
33 p 1 1 100 1 40 10 0;1001-1;p1999934-1 100 33,1001,1021,1025;
34 p 1 1 100 1 40 10 0;1001-1;p2000188-1 100 34,1001,1021,1025;
35 p 1 1 100 1 40 10 0;1001-1;p1999887-1 100 35,1001,1021,1025;
36 p 1 1 100 1 40 10 0;1001-1;p2000012-1 100 36,1001,1021,1025;
37 p 1 1 100 1 40 10 0;1001-1;p1999861-1 100 37,1001,1021,1025;
38 p 1 1 100 1 40 10 0;1001-1;p2000109-1 100 38,1001,1021,1025;
39 p 1 1 100 1 40 10 0;1001-1;p1999844-1 100 39,1001,1021,1025;
40 p 1 1 100 1 40 10 0;1001-1;p1999842-1 100 40,1001,1021,1025;
41 p 1 1 100 1 40 10 0;1001-1;p2000175-1 100 41,1001,1021,1025;
42 p 1 1 100 1 40 10 0;1001-1;p1999999-1 100 42,1001,1021,1025;
43 p 1 1 100 1 40 10 0;1001-1;p2000044-1 100 43,1001,1021,1025;
44 p 1 1 100 1 40 10 0;1001-1;p2000192-1 100 44,1001,1021,1025;
45 p 1 1 100 1 40 10 0;1001-1;p1999928-1 100 45,1001,1021,1025;
46 p 1 1 100 1 40 10 0;1001-1;p1999819-1 100 46,1001,1021,1025;
47 p 1 1 100 1 40 10 0;1001-1;p1999814-1 100 47,1001,1021,1025;
48 p 1 1 100 1 40 10 0;1001-1;p1999927-1 100 48,1001,1021,1025;
49 p 1 1 100 1 40 10 0;1001-1;p2000038-1 100 49,1001,1021,1025;
50 p 1 1 100 1 40 10 0;1001-1;p2000004-1 100 50,1001,1021,1025;
51 p 1 1 100 1 40 10 0;1002-1;p2000125-1 100 51,1002,1021,1025;
52 p 1 1 100 1 40 10 0;1002-1;p2000079-1 100 52,1002,1021,1025;
53 p 1 1 100 1 40 10 0;1002-1;p2000065-1 100 53,1002,1021,1025;
54 p 1 1 100 1 40 10 0;1002-1;p1999827-1 100 54,1002,1021,1025;
55 p 1 1 100 1 40 10 0;1002-1;p2000001-1 100 55,1002,1021,1025;
56 p 1 1 100 1 40 10 0;1002-1;p2000089-1 100 56,1002,1021,1025;
57 p 1 1 100 1 40 10 0;1002-1;p2000021-1 100 57,1002,1021,1025;
58 p 1 1 100 1 40 10 0;1002-1;p1999933-1 100 58,1002,1021,1025;
59 p 1 1 100 1 40 10 0;1002-1;p2000030-1 100 59,1002,1021,1025;
60 p 1 1 100 1 40 10 0;1002-1;p2000062-1 100 60,1002,1021,1025;
61 p 1 1 100 1 40 10 0;1002-1;p1999934-1 100 61,1002,1021,1025;
62 p 1 1 100 1 40 10 0;1002-1;p2000060-1 100 62,1002,1021,1025;
63 p 1 1 100 1 40 10 0;1002-1;p1999952-1 100 63,1002,1021,1025;
64 p 1 1 100 1 40 10 0;1002-1;p1999934-1 100 64,1002,1021,1025;
65 p 1 1 100 1 40 10 0;1002-1;p2000153-1 100 65,1002,1021,1025;
66 p 1 1 100 1 40 10 0;1002-1;p2000011-1 100 66,1002,1021,1025;
67 p 1 1 100 1 40 10 0;1002-1;p2000095-1 100 67,1002,1021,1025;
68 p 1 1 100 1 40 10 0;1002-1;p2000150-1 100 68,1002,1021,1025;
69 p 1 1 100 1 40 10 0;1002-1;p2000072-1 100 69,1002,1021,1025;
70 p 1 1 100 1 40 10 0;1002-1;p2000175-1 100 70,1002,1021,1025;
71 p 1 1 100 1 40 10 0;1002-1;p1999962-1 100 71,1002,1021,1025;
72 p 1 1 100 1 40 10 0;1002-1;p2000109-1 100 72,1002,1021,1025;
73 p 1 1 100 1 40 10 0;1002-1;p2000136-1 100 73,1002,1021,1025;
74 p 1 1 100 1 40 10 0;1002-1;p1999815-1 100 74,1002,1021,1025;
75 p 1 1 100 1 40 10 0;1002-1;p2000048-1 100 75,1002,1021,1025;
76 p 1 1 100 1 40 10 0;1002-1;p1999891-1 100 76,1002,1021,1025;
77 p 1 1 100 1 40 10 0;1002-1;p1999936-1 100 77,1002,1021,1025;
78 p 1 1 100 1 40 10 0;1002-1;p2000195-1 100 78,1002,1021,1025;
79 p 1 1 100 1 40 10 0;1002-1;p2000074-1 100 79,1002,1021,1025;
80 p 1 1 100 1 40 10 0;1002-1;p1999914-1 100 80,1002,1021,1025;
81 p 1 1 100 1 40 10 0;1002-1;p2000061-1 100 81,1002,1021,1025;
82 p 1 1 100 1 40 10 0;1002-1;p2000179-1 100 82,1002,1021,1025;
83 p 1 1 100 1 40 10 0;1002-1;p2000026-1 100 83,1002,1021,1025;
84 p 1 1 100 1 40 10 0;1002-1;p2000024-1 100 84,1002,1021,1025;
85 p 1 1 100 1 40 10 0;1002-1;p1999949-1 100 85,1002,1021,1025;
86 p 1 1 100 1 40 10 0;1002-1;p2000010-1 100 86,1002,1021,1025;
87 p 1 1 100 1 40 10 0;1002-1;p1999828-1 100 87,1002,1021,1025;
88 p 1 1 100 1 40 10 0;1002-1;p1999941-1 100 88,1002,1021,1025;
89 p 1 1 100 1 40 10 0;1002-1;p1999870-1 100 89,1002,1021,1025;
90 p 1 1 100 1 40 10 0;1002-1;p2000021-1 100 90,1002,1021,1025;
91 p 1 1 100 1 40 10 0;1002-1;p2000193-1 100 91,1002,1021,1025;
92 p 1 1 100 1 40 10 0;1002-1;p1999999-1 100 92,1002,1021,1025;
93 p 1 1 100 1 40 10 0;1002-1;p1999898-1 100 93,1002,1021,1025;
94 p 1 1 100 1 40 10 0;1002-1;p1999839-1 100 94,1002,1021,1025;
95 p 1 1 100 1 40 10 0;1002-1;p1999862-1 100 95,1002,1021,1025;
96 p 1 1 100 1 40 10 0;1002-1;p1999990-1 100 96,1002,1021,1025;
97 p 1 1 100 1 40 10 0;1002-1;p2000149-1 100 97,1002,1021,1025;
98 p 1 1 100 1 40 10 0;1002-1;p1999806-1 100 98,1002,1021,1025;
99 p 1 1 100 1 40 10 0;1002-1;p2000197-1 100 99,1002,1021,1025;
100 p 1 1 100 1 40 10 0;1002-1;p1999923-1 100 100,1002,1021,1025;
101 p 1 1 100 1 40 10 0;1003-1;p1999869-1 100 101,1003,1021,1025;
102 p 1 1 100 1 40 10 0;1003-1;p1999875-1 100 102,1003,1021,1025;
103 p 1 1 100 1 40 10 0;1003-1;p2000066-1 100 103,1003,1021,1025;
104 p 1 1 100 1 40 10 0;1003-1;p2000030-1 100 104,1003,1021,1025;
105 p 1 1 100 1 40 10 0;1003-1;p1999884-1 100 105,1003,1021,1025;
106 p 1 1 100 1 40 10 0;1003-1;p2000070-1 100 106,1003,1021,1025;
107 p 1 1 100 1 40 10 0;1003-1;p2000110-1 100 107,1003,1021,1025;
108 p 1 1 100 1 40 10 0;1003-1;p1999923-1 100 108,1003,1021,1025;
109 p 1 1 100 1 40 10 0;1003-1;p1999967-1 100 109,1003,1021,1025;
110 p 1 1 100 1 40 10 0;1003-1;p2000141-1 100 110,1003,1021,1025;
111 p 1 1 100 1 40 10 0;1003-1;p2000148-1 100 111,1003,1021,1025;
112 p 1 1 100 1 40 10 0;1003-1;p1999881-1 100 112,1003,1021,1025;
113 p 1 1 100 1 40 10 0;1003-1;p2000128-1 100 113,1003,1021,1025;
114 p 1 1 100 1 40 10 0;1003-1;p1999962-1 100 114,1003,1021,1025;
115 p 1 1 100 1 40 10 0;1003-1;p2000053-1 100 115,1003,1021,1025;
116 p 1 1 100 1 40 10 0;1003-1;p2000008-1 100 116,1003,1021,1025;
117 p 1 1 100 1 40 10 0;1003-1;p2000092-1 100 117,1003,1021,1025;
118 p 1 1 100 1 40 10 0;1003-1;p2000067-1 100 118,1003,1021,1025;
119 p 1 1 100 1 40 10 0;1003-1;p1999935-1 100 119,1003,1021,1025;
120 p 1 1 100 1 40 10 0;1003-1;p1999876-1 100 120,1003,1021,1025;
121 p 1 1 100 1 40 10 0;1003-1;p2000050-1 100 121,1003,1021,1025;
122 p 1 1 100 1 40 10 0;1003-1;p2000126-1 100 122,1003,1021,1025;
123 p 1 1 100 1 40 10 0;1003-1;p1999917-1 100 123,1003,1021,1025;
124 p 1 1 100 1 40 10 0;1003-1;p2000089-1 100 124,1003,1021,1025;
125 p 1 1 100 1 40 10 0;1003-1;p2000157-1 100 125,1003,1021,1025;
126 p 1 1 100 1 40 10 0;1003-1;p1999850-1 100 126,1003,1021,1025;
127 p 1 1 100 1 40 10 0;1003-1;p2000060-1 100 127,1003,1021,1025;
128 p 1 1 100 1 40 10 0;1003-1;p1999921-1 100 128,1003,1021,1025;
129 p 1 1 100 1 40 10 0;1003-1;p1999888-1 100 129,1003,1021,1025;
130 p 1 1 100 1 40 10 0;1003-1;p2000173-1 100 130,1003,1021,1025;
131 p 1 1 100 1 40 10 0;1003-1;p2000057-1 100 131,1003,1021,1025;
132 p 1 1 100 1 40 10 0;1003-1;p2000053-1 100 132,1003,1021,1025;
133 p 1 1 100 1 40 10 0;1003-1;p1999979-1 100 133,1003,1021,1025;
134 p 1 1 100 1 40 10 0;1003-1;p1999975-1 100 134,1003,1021,1025;
135 p 1 1 100 1 40 10 0;1003-1;p2000028-1 100 135,1003,1021,1025;
136 p 1 1 100 1 40 10 0;1003-1;p2000120-1 100 136,1003,1021,1025;
137 p 1 1 100 1 40 10 0;1003-1;p1999838-1 100 137,1003,1021,1025;
138 p 1 1 100 1 40 10 0;1003-1;p2000151-1 100 138,1003,1021,1025;
139 p 1 1 100 1 40 10 0;1003-1;p2000042-1 100 139,1003,1021,1025;
140 p 1 1 100 1 40 10 0;1003-1;p1999929-1 100 140,1003,1021,1025;
141 p 1 1 100 1 40 10 0;1003-1;p2000119-1 100 141,1003,1021,1025;
142 p 1 1 100 1 40 10 0;1003-1;p1999940-1 100 142,1003,1021,1025;
143 p 1 1 100 1 40 10 0;1003-1;p2000052-1 100 143,1003,1021,1025;
144 p 1 1 100 1 40 10 0;1003-1;p1999850-1 100 144,1003,1021,1025;
145 p 1 1 100 1 40 10 0;1003-1;p1999913-1 100 145,1003,1021,1025;
146 p 1 1 100 1 40 10 0;1003-1;p1999946-1 100 146,1003,1021,1025;
147 p 1 1 100 1 40 10 0;1003-1;p1999976-1 100 147,1003,1021,1025;
148 p 1 1 100 1 40 10 0;1003-1;p1999914-1 100 148,1003,1021,1025;
149 p 1 1 100 1 40 10 0;1003-1;p1999996-1 100 149,1003,1021,1025;
150 p 1 1 100 1 40 10 0;1003-1;p1999917-1 100 150,1003,1021,1025;
151 p 1 1 100 1 40 10 0;1004-1;p1999934-1 100 151,1004,1021,1025;
152 p 1 1 100 1 40 10 0;1004-1;p1999963-1 100 152,1004,1021,1025;
153 p 1 1 100 1 40 10 0;1004-1;p2000066-1 100 153,1004,1021,1025;
154 p 1 1 100 1 40 10 0;1004-1;p1999819-1 100 154,1004,1021,1025;
155 p 1 1 100 1 40 10 0;1004-1;p1999950-1 100 155,1004,1021,1025;
156 p 1 1 100 1 40 10 0;1004-1;p1999946-1 100 156,1004,1021,1025;
157 p 1 1 100 1 40 10 0;1004-1;p1999945-1 100 157,1004,1021,1025;
158 p 1 1 100 1 40 10 0;1004-1;p1999913-1 100 158,1004,1021,1025;
159 p 1 1 100 1 40 10 0;1004-1;p2000191-1 100 159,1004,1021,1025;
160 p 1 1 100 1 40 10 0;1004-1;p2000058-1 100 160,1004,1021,1025;
161 p 1 1 100 1 40 10 0;1004-1;p1999979-1 100 161,1004,1021,1025;
162 p 1 1 100 1 40 10 0;1004-1;p1999845-1 100 162,1004,1021,1025;
163 p 1 1 100 1 40 10 0;1004-1;p1999850-1 100 163,1004,1021,1025;
164 p 1 1 100 1 40 10 0;1004-1;p1999821-1 100 164,1004,1021,1025;
165 p 1 1 100 1 40 10 0;1004-1;p2000137-1 100 165,1004,1021,1025;
166 p 1 1 100 1 40 10 0;1004-1;p2000169-1 100 166,1004,1021,1025;
167 p 1 1 100 1 40 10 0;1004-1;p2000182-1 100 167,1004,1021,1025;
168 p 1 1 100 1 40 10 0;1004-1;p1999864-1 100 168,1004,1021,1025;
169 p 1 1 100 1 40 10 0;1004-1;p1999877-1 100 169,1004,1021,1025;
170 p 1 1 100 1 40 10 0;1004-1;p1999976-1 100 170,1004,1021,1025;
171 p 1 1 100 1 40 10 0;1004-1;p1999862-1 100 171,1004,1021,1025;
172 p 1 1 100 1 40 10 0;1004-1;p1999874-1 100 172,1004,1021,1025;
173 p 1 1 100 1 40 10 0;1004-1;p2000088-1 100 173,1004,1021,1025;
174 p 1 1 100 1 40 10 0;1004-1;p1999874-1 100 174,1004,1021,1025;
175 p 1 1 100 1 40 10 0;1004-1;p2000080-1 100 175,1004,1021,1025;
176 p 1 1 100 1 40 10 0;1004-1;p1999859-1 100 176,1004,1021,1025;
177 p 1 1 100 1 40 10 0;1004-1;p2000085-1 100 177,1004,1021,1025;
178 p 1 1 100 1 40 10 0;1004-1;p2000094-1 100 178,1004,1021,1025;
179 p 1 1 100 1 40 10 0;1004-1;p2000172-1 100 179,1004,1021,1025;
180 p 1 1 100 1 40 10 0;1004-1;p2000015-1 100 180,1004,1021,1025;
181 p 1 1 100 1 40 10 0;1004-1;p2000145-1 100 181,1004,1021,1025;
182 p 1 1 100 1 40 10 0;1004-1;p1999992-1 100 182,1004,1021,1025;
183 p 1 1 100 1 40 10 0;1004-1;p1999993-1 100 183,1004,1021,1025;
184 p 1 1 100 1 40 10 0;1004-1;p2000018-1 100 184,1004,1021,1025;
185 p 1 1 100 1 40 10 0;1004-1;p1999919-1 100 185,1004,1021,1025;
186 p 1 1 100 1 40 10 0;1004-1;p1999973-1 100 186,1004,1021,1025;
187 p 1 1 100 1 40 10 0;1004-1;p1999888-1 100 187,1004,1021,1025;
188 p 1 1 100 1 40 10 0;1004-1;p1999971-1 100 188,1004,1021,1025;
189 p 1 1 100 1 40 10 0;1004-1;p1999937-1 100 189,1004,1021,1025;
190 p 1 1 100 1 40 10 0;1004-1;p1999912-1 100 190,1004,1021,1025;
191 p 1 1 100 1 40 10 0;1004-1;p2000058-1 100 191,1004,1021,1025;
192 p 1 1 100 1 40 10 0;1004-1;p2000109-1 100 192,1004,1021,1025;
193 p 1 1 100 1 40 10 0;1004-1;p2000061-1 100 193,1004,1021,1025;
194 p 1 1 100 1 40 10 0;1004-1;p1999881-1 100 194,1004,1021,1025;
195 p 1 1 100 1 40 10 0;1004-1;p1999942-1 100 195,1004,1021,1025;
196 p 1 1 100 1 40 10 0;1004-1;p1999801-1 100 196,1004,1021,1025;
197 p 1 1 100 1 40 10 0;1004-1;p1999895-1 100 197,1004,1021,1025;
198 p 1 1 100 1 40 10 0;1004-1;p2000128-1 100 198,1004,1021,1025;
199 p 1 1 100 1 40 10 0;1004-1;p1999824-1 100 199,1004,1021,1025;
200 p 1 1 100 1 40 10 0;1004-1;p2000020-1 100 200,1004,1021,1025;
201 p 1 1 100 1 40 10 0;1005-1;p1999855-1 100 201,1005,1021,1025;
202 p 1 1 100 1 40 10 0;1005-1;p2000101-1 100 202,1005,1021,1025;
203 p 1 1 100 1 40 10 0;1005-1;p1999859-1 100 203,1005,1021,1025;
204 p 1 1 100 1 40 10 0;1005-1;p2000073-1 100 204,1005,1021,1025;
205 p 1 1 100 1 40 10 0;1005-1;p2000107-1 100 205,1005,1021,1025;
206 p 1 1 100 1 40 10 0;1005-1;p2000160-1 100 206,1005,1021,1025;
207 p 1 1 100 1 40 10 0;1005-1;p1999815-1 100 207,1005,1021,1025;
208 p 1 1 100 1 40 10 0;1005-1;p2000114-1 100 208,1005,1021,1025;
209 p 1 1 100 1 40 10 0;1005-1;p1999845-1 100 209,1005,1021,1025;
210 p 1 1 100 1 40 10 0;1005-1;p2000025-1 100 210,1005,1021,1025;
211 p 1 1 100 1 40 10 0;1005-1;p1999849-1 100 211,1005,1021,1025;
212 p 1 1 100 1 40 10 0;1005-1;p1999839-1 100 212,1005,1021,1025;
213 p 1 1 100 1 40 10 0;1005-1;p2000042-1 100 213,1005,1021,1025;
214 p 1 1 100 1 40 10 0;1005-1;p1999834-1 100 214,1005,1021,1025;
215 p 1 1 100 1 40 10 0;1005-1;p1999803-1 100 215,1005,1021,1025;
216 p 1 1 100 1 40 10 0;1005-1;p1999843-1 100 216,1005,1021,1025;
217 p 1 1 100 1 40 10 0;1005-1;p2000088-1 100 217,1005,1021,1025;
218 p 1 1 100 1 40 10 0;1005-1;p2000061-1 100 218,1005,1021,1025;
219 p 1 1 100 1 40 10 0;1005-1;p2000061-1 100 219,1005,1021,1025;
220 p 1 1 100 1 40 10 0;1005-1;p1999999-1 100 220,1005,1021,1025;
221 p 1 1 100 1 40 10 0;1005-1;p2000197-1 100 221,1005,1021,1025;
222 p 1 1 100 1 40 10 0;1005-1;p2000023-1 100 222,1005,1021,1025;
223 p 1 1 100 1 40 10 0;1005-1;p2000062-1 100 223,1005,1021,1025;
224 p 1 1 100 1 40 10 0;1005-1;p2000067-1 100 224,1005,1021,1025;
225 p 1 1 100 1 40 10 0;1005-1;p2000007-1 100 225,1005,1021,1025;
226 p 1 1 100 1 40 10 0;1005-1;p2000179-1 100 226,1005,1021,1025;
227 p 1 1 100 1 40 10 0;1005-1;p1999969-1 100 227,1005,1021,1025;
228 p 1 1 100 1 40 10 0;1005-1;p2000032-1 100 228,1005,1021,1025;
229 p 1 1 100 1 40 10 0;1005-1;p2000183-1 100 229,1005,1021,1025;
230 p 1 1 100 1 40 10 0;1005-1;p1999873-1 100 230,1005,1021,1025;
231 p 1 1 100 1 40 10 0;1005-1;p2000139-1 100 231,1005,1021,1025;
232 p 1 1 100 1 40 10 0;1005-1;p1999974-1 100 232,1005,1021,1025;
233 p 1 1 100 1 40 10 0;1005-1;p2000082-1 100 233,1005,1021,1025;
234 p 1 1 100 1 40 10 0;1005-1;p1999903-1 100 234,1005,1021,1025;
235 p 1 1 100 1 40 10 0;1005-1;p2000118-1 100 235,1005,1021,1025;
236 p 1 1 100 1 40 10 0;1005-1;p1999828-1 100 236,1005,1021,1025;
237 p 1 1 100 1 40 10 0;1005-1;p2000147-1 100 237,1005,1021,1025;
238 p 1 1 100 1 40 10 0;1005-1;p1999891-1 100 238,1005,1021,1025;
239 p 1 1 100 1 40 10 0;1005-1;p2000184-1 100 239,1005,1021,1025;
240 p 1 1 100 1 40 10 0;1005-1;p2000177-1 100 240,1005,1021,1025;
241 p 1 1 100 1 40 10 0;1005-1;p1999813-1 100 241,1005,1021,1025;
242 p 1 1 100 1 40 10 0;1005-1;p2000172-1 100 242,1005,1021,1025;
243 p 1 1 100 1 40 10 0;1005-1;p2000157-1 100 243,1005,1021,1025;
244 p 1 1 100 1 40 10 0;1005-1;p1999810-1 100 244,1005,1021,1025;
245 p 1 1 100 1 40 10 0;1005-1;p1999913-1 100 245,1005,1021,1025;
246 p 1 1 100 1 40 10 0;1005-1;p2000041-1 100 246,1005,1021,1025;
247 p 1 1 100 1 40 10 0;1005-1;p1999946-1 100 247,1005,1021,1025;
248 p 1 1 100 1 40 10 0;1005-1;p2000141-1 100 248,1005,1021,1025;
249 p 1 1 100 1 40 10 0;1005-1;p1999870-1 100 249,1005,1021,1025;
250 p 1 1 100 1 40 10 0;1005-1;p1999824-1 100 250,1005,1021,1025;
251 p 1 1 100 1 40 10 0;1006-1;p1999995-1 100 251,1006,1022,1025;
252 p 1 1 100 1 40 10 0;1006-1;p1999991-1 100 252,1006,1022,1025;
253 p 1 1 100 1 40 10 0;1006-1;p1999892-1 100 253,1006,1022,1025;
254 p 1 1 100 1 40 10 0;1006-1;p1999925-1 100 254,1006,1022,1025;
255 p 1 1 100 1 40 10 0;1006-1;p2000121-1 100 255,1006,1022,1025;
256 p 1 1 100 1 40 10 0;1006-1;p1999827-1 100 256,1006,1022,1025;
257 p 1 1 100 1 40 10 0;1006-1;p2000126-1 100 257,1006,1022,1025;
258 p 1 1 100 1 40 10 0;1006-1;p1999838-1 100 258,1006,1022,1025;
259 p 1 1 100 1 40 10 0;1006-1;p1999909-1 100 259,1006,1022,1025;
260 p 1 1 100 1 40 10 0;1006-1;p1999832-1 100 260,1006,1022,1025;
261 p 1 1 100 1 40 10 0;1006-1;p2000057-1 100 261,1006,1022,1025;
262 p 1 1 100 1 40 10 0;1006-1;p2000083-1 100 262,1006,1022,1025;
263 p 1 1 100 1 40 10 0;1006-1;p1999885-1 100 263,1006,1022,1025;
264 p 1 1 100 1 40 10 0;1006-1;p1999846-1 100 264,1006,1022,1025;
265 p 1 1 100 1 40 10 0;1006-1;p1999868-1 100 265,1006,1022,1025;
266 p 1 1 100 1 40 10 0;1006-1;p2000075-1 100 266,1006,1022,1025;
267 p 1 1 100 1 40 10 0;1006-1;p2000189-1 100 267,1006,1022,1025;
268 p 1 1 100 1 40 10 0;1006-1;p1999996-1 100 268,1006,1022,1025;
269 p 1 1 100 1 40 10 0;1006-1;p2000103-1 100 269,1006,1022,1025;
270 p 1 1 100 1 40 10 0;1006-1;p1999914-1 100 270,1006,1022,1025;
271 p 1 1 100 1 40 10 0;1006-1;p2000014-1 100 271,1006,1022,1025;
272 p 1 1 100 1 40 10 0;1006-1;p1999950-1 100 272,1006,1022,1025;
273 p 1 1 100 1 40 10 0;1006-1;p2000149-1 100 273,1006,1022,1025;
274 p 1 1 100 1 40 10 0;1006-1;p2000087-1 100 274,1006,1022,1025;
275 p 1 1 100 1 40 10 0;1006-1;p2000163-1 100 275,1006,1022,1025;
276 p 1 1 100 1 40 10 0;1006-1;p1999967-1 100 276,1006,1022,1025;
277 p 1 1 100 1 40 10 0;1006-1;p1999923-1 100 277,1006,1022,1025;
278 p 1 1 100 1 40 10 0;1006-1;p1999926-1 100 278,1006,1022,1025;
279 p 1 1 100 1 40 10 0;1006-1;p2000087-1 100 279,1006,1022,1025;
280 p 1 1 100 1 40 10 0;1006-1;p2000025-1 100 280,1006,1022,1025;
281 p 1 1 100 1 40 10 0;1006-1;p1999816-1 100 281,1006,1022,1025;
282 p 1 1 100 1 40 10 0;1006-1;p1999917-1 100 282,1006,1022,1025;
283 p 1 1 100 1 40 10 0;1006-1;p2000132-1 100 283,1006,1022,1025;
284 p 1 1 100 1 40 10 0;1006-1;p1999968-1 100 284,1006,1022,1025;
285 p 1 1 100 1 40 10 0;1006-1;p1999880-1 100 285,1006,1022,1025;
286 p 1 1 100 1 40 10 0;1006-1;p1999883-1 100 286,1006,1022,1025;
287 p 1 1 100 1 40 10 0;1006-1;p2000099-1 100 287,1006,1022,1025;
288 p 1 1 100 1 40 10 0;1006-1;p1999976-1 100 288,1006,1022,1025;
289 p 1 1 100 1 40 10 0;1006-1;p1999869-1 100 289,1006,1022,1025;
290 p 1 1 100 1 40 10 0;1006-1;p1999836-1 100 290,1006,1022,1025;
291 p 1 1 100 1 40 10 0;1006-1;p1999859-1 100 291,1006,1022,1025;
292 p 1 1 100 1 40 10 0;1006-1;p1999849-1 100 292,1006,1022,1025;
293 p 1 1 100 1 40 10 0;1006-1;p2000016-1 100 293,1006,1022,1025;
294 p 1 1 100 1 40 10 0;1006-1;p2000151-1 100 294,1006,1022,1025;
295 p 1 1 100 1 40 10 0;1006-1;p2000050-1 100 295,1006,1022,1025;
296 p 1 1 100 1 40 10 0;1006-1;p1999843-1 100 296,1006,1022,1025;
297 p 1 1 100 1 40 10 0;1006-1;p1999860-1 100 297,1006,1022,1025;
298 p 1 1 100 1 40 10 0;1006-1;p2000066-1 100 298,1006,1022,1025;
299 p 1 1 100 1 40 10 0;1006-1;p2000098-1 100 299,1006,1022,1025;
300 p 1 1 100 1 40 10 0;1006-1;p1999887-1 100 300,1006,1022,1025;
301 p 1 1 100 1 40 10 0;1007-1;p1999871-1 100 301,1007,1022,1025;
302 p 1 1 100 1 40 10 0;1007-1;p1999866-1 100 302,1007,1022,1025;
303 p 1 1 100 1 40 10 0;1007-1;p1999905-1 100 303,1007,1022,1025;
304 p 1 1 100 1 40 10 0;1007-1;p1999967-1 100 304,1007,1022,1025;
305 p 1 1 100 1 40 10 0;1007-1;p2000187-1 100 305,1007,1022,1025;
306 p 1 1 100 1 40 10 0;1007-1;p2000121-1 100 306,1007,1022,1025;
307 p 1 1 100 1 40 10 0;1007-1;p2000039-1 100 307,1007,1022,1025;
308 p 1 1 100 1 40 10 0;1007-1;p1999807-1 100 308,1007,1022,1025;
309 p 1 1 100 1 40 10 0;1007-1;p1999961-1 100 309,1007,1022,1025;
310 p 1 1 100 1 40 10 0;1007-1;p1999886-1 100 310,1007,1022,1025;
311 p 1 1 100 1 40 10 0;1007-1;p1999830-1 100 311,1007,1022,1025;
312 p 1 1 100 1 40 10 0;1007-1;p2000135-1 100 312,1007,1022,1025;
313 p 1 1 100 1 40 10 0;1007-1;p1999812-1 100 313,1007,1022,1025;
314 p 1 1 100 1 40 10 0;1007-1;p2000030-1 100 314,1007,1022,1025;
315 p 1 1 100 1 40 10 0;1007-1;p2000169-1 100 315,1007,1022,1025;
316 p 1 1 100 1 40 10 0;1007-1;p2000177-1 100 316,1007,1022,1025;
317 p 1 1 100 1 40 10 0;1007-1;p1999942-1 100 317,1007,1022,1025;
318 p 1 1 100 1 40 10 0;1007-1;p2000073-1 100 318,1007,1022,1025;
319 p 1 1 100 1 40 10 0;1007-1;p2000040-1 100 319,1007,1022,1025;
320 p 1 1 100 1 40 10 0;1007-1;p2000168-1 100 320,1007,1022,1025;
321 p 1 1 100 1 40 10 0;1007-1;p2000107-1 100 321,1007,1022,1025;
322 p 1 1 100 1 40 10 0;1007-1;p1999823-1 100 322,1007,1022,1025;
323 p 1 1 100 1 40 10 0;1007-1;p1999903-1 100 323,1007,1022,1025;
324 p 1 1 100 1 40 10 0;1007-1;p2000169-1 100 324,1007,1022,1025;
325 p 1 1 100 1 40 10 0;1007-1;p1999895-1 100 325,1007,1022,1025;
326 p 1 1 100 1 40 10 0;1007-1;p1999808-1 100 326,1007,1022,1025;
327 p 1 1 100 1 40 10 0;1007-1;p2000130-1 100 327,1007,1022,1025;
328 p 1 1 100 1 40 10 0;1007-1;p1999816-1 100 328,1007,1022,1025;
329 p 1 1 100 1 40 10 0;1007-1;p2000186-1 100 329,1007,1022,1025;
330 p 1 1 100 1 40 10 0;1007-1;p1999820-1 100 330,1007,1022,1025;
331 p 1 1 100 1 40 10 0;1007-1;p2000182-1 100 331,1007,1022,1025;
332 p 1 1 100 1 40 10 0;1007-1;p1999831-1 100 332,1007,1022,1025;
333 p 1 1 100 1 40 10 0;1007-1;p2000059-1 100 333,1007,1022,1025;
334 p 1 1 100 1 40 10 0;1007-1;p2000018-1 100 334,1007,1022,1025;
335 p 1 1 100 1 40 10 0;1007-1;p2000169-1 100 335,1007,1022,1025;
336 p 1 1 100 1 40 10 0;1007-1;p1999873-1 100 336,1007,1022,1025;
337 p 1 1 100 1 40 10 0;1007-1;p2000169-1 100 337,1007,1022,1025;
338 p 1 1 100 1 40 10 0;1007-1;p2000008-1 100 338,1007,1022,1025;
339 p 1 1 100 1 40 10 0;1007-1;p1999986-1 100 339,1007,1022,1025;
340 p 1 1 100 1 40 10 0;1007-1;p2000130-1 100 340,1007,1022,1025;
341 p 1 1 100 1 40 10 0;1007-1;p2000174-1 100 341,1007,1022,1025;
342 p 1 1 100 1 40 10 0;1007-1;p2000057-1 100 342,1007,1022,1025;
343 p 1 1 100 1 40 10 0;1007-1;p2000104-1 100 343,1007,1022,1025;
344 p 1 1 100 1 40 10 0;1007-1;p2000004-1 100 344,1007,1022,1025;
345 p 1 1 100 1 40 10 0;1007-1;p2000175-1 100 345,1007,1022,1025;
346 p 1 1 100 1 40 10 0;1007-1;p2000031-1 100 346,1007,1022,1025;
347 p 1 1 100 1 40 10 0;1007-1;p2000004-1 100 347,1007,1022,1025;
348 p 1 1 100 1 40 10 0;1007-1;p1999986-1 100 348,1007,1022,1025;
349 p 1 1 100 1 40 10 0;1007-1;p1999925-1 100 349,1007,1022,1025;
350 p 1 1 100 1 40 10 0;1007-1;p1999896-1 100 350,1007,1022,1025;
351 p 1 1 100 1 40 10 0;1008-1;p1999831-1 100 351,1008,1022,1025;
352 p 1 1 100 1 40 10 0;1008-1;p1999874-1 100 352,1008,1022,1025;
353 p 1 1 100 1 40 10 0;1008-1;p2000047-1 100 353,1008,1022,1025;
354 p 1 1 100 1 40 10 0;1008-1;p1999922-1 100 354,1008,1022,1025;
355 p 1 1 100 1 40 10 0;1008-1;p2000011-1 100 355,1008,1022,1025;
356 p 1 1 100 1 40 10 0;1008-1;p2000119-1 100 356,1008,1022,1025;
357 p 1 1 100 1 40 10 0;1008-1;p2000190-1 100 357,1008,1022,1025;
358 p 1 1 100 1 40 10 0;1008-1;p2000092-1 100 358,1008,1022,1025;
359 p 1 1 100 1 40 10 0;1008-1;p1999946-1 100 359,1008,1022,1025;
360 p 1 1 100 1 40 10 0;1008-1;p2000159-1 100 360,1008,1022,1025;
361 p 1 1 100 1 40 10 0;1008-1;p2000089-1 100 361,1008,1022,1025;
362 p 1 1 100 1 40 10 0;1008-1;p1999950-1 100 362,1008,1022,1025;
363 p 1 1 100 1 40 10 0;1008-1;p1999840-1 100 363,1008,1022,1025;
364 p 1 1 100 1 40 10 0;1008-1;p1999860-1 100 364,1008,1022,1025;
365 p 1 1 100 1 40 10 0;1008-1;p2000067-1 100 365,1008,1022,1025;
366 p 1 1 100 1 40 10 0;1008-1;p2000013-1 100 366,1008,1022,1025;
367 p 1 1 100 1 40 10 0;1008-1;p2000174-1 100 367,1008,1022,1025;
368 p 1 1 100 1 40 10 0;1008-1;p1999934-1 100 368,1008,1022,1025;
369 p 1 1 100 1 40 10 0;1008-1;p1999999-1 100 369,1008,1022,1025;
370 p 1 1 100 1 40 10 0;1008-1;p2000196-1 100 370,1008,1022,1025;
371 p 1 1 100 1 40 10 0;1008-1;p1999802-1 100 371,1008,1022,1025;
372 p 1 1 100 1 40 10 0;1008-1;p2000033-1 100 372,1008,1022,1025;
373 p 1 1 100 1 40 10 0;1008-1;p2000015-1 100 373,1008,1022,1025;
374 p 1 1 100 1 40 10 0;1008-1;p1999894-1 100 374,1008,1022,1025;
375 p 1 1 100 1 40 10 0;1008-1;p1999969-1 100 375,1008,1022,1025;
376 p 1 1 100 1 40 10 0;1008-1;p2000049-1 100 376,1008,1022,1025;
377 p 1 1 100 1 40 10 0;1008-1;p2000138-1 100 377,1008,1022,1025;
378 p 1 1 100 1 40 10 0;1008-1;p2000106-1 100 378,1008,1022,1025;
379 p 1 1 100 1 40 10 0;1008-1;p1999926-1 100 379,1008,1022,1025;
380 p 1 1 100 1 40 10 0;1008-1;p2000177-1 100 380,1008,1022,1025;
381 p 1 1 100 1 40 10 0;1008-1;p1999804-1 100 381,1008,1022,1025;
382 p 1 1 100 1 40 10 0;1008-1;p1999864-1 100 382,1008,1022,1025;
383 p 1 1 100 1 40 10 0;1008-1;p2000038-1 100 383,1008,1022,1025;
384 p 1 1 100 1 40 10 0;1008-1;p1999904-1 100 384,1008,1022,1025;
385 p 1 1 100 1 40 10 0;1008-1;p1999852-1 100 385,1008,1022,1025;
386 p 1 1 100 1 40 10 0;1008-1;p2000176-1 100 386,1008,1022,1025;
387 p 1 1 100 1 40 10 0;1008-1;p1999931-1 100 387,1008,1022,1025;
388 p 1 1 100 1 40 10 0;1008-1;p2000053-1 100 388,1008,1022,1025;
389 p 1 1 100 1 40 10 0;1008-1;p1999816-1 100 389,1008,1022,1025;
390 p 1 1 100 1 40 10 0;1008-1;p1999868-1 100 390,1008,1022,1025;
391 p 1 1 100 1 40 10 0;1008-1;p2000012-1 100 391,1008,1022,1025;
392 p 1 1 100 1 40 10 0;1008-1;p1999911-1 100 392,1008,1022,1025;
393 p 1 1 100 1 40 10 0;1008-1;p2000122-1 100 393,1008,1022,1025;
394 p 1 1 100 1 40 10 0;1008-1;p2000033-1 100 394,1008,1022,1025;
395 p 1 1 100 1 40 10 0;1008-1;p1999968-1 100 395,1008,1022,1025;
396 p 1 1 100 1 40 10 0;1008-1;p1999990-1 100 396,1008,1022,1025;
397 p 1 1 100 1 40 10 0;1008-1;p2000167-1 100 397,1008,1022,1025;
398 p 1 1 100 1 40 10 0;1008-1;p2000098-1 100 398,1008,1022,1025;
399 p 1 1 100 1 40 10 0;1008-1;p2000027-1 100 399,1008,1022,1025;
400 p 1 1 100 1 40 10 0;1008-1;p2000059-1 100 400,1008,1022,1025;
401 p 1 1 100 1 40 10 0;1009-1;p2000075-1 100 401,1009,1022,1025;
402 p 1 1 100 1 40 10 0;1009-1;p2000045-1 100 402,1009,1022,1025;
403 p 1 1 100 1 40 10 0;1009-1;p2000107-1 100 403,1009,1022,1025;
404 p 1 1 100 1 40 10 0;1009-1;p2000097-1 100 404,1009,1022,1025;
405 p 1 1 100 1 40 10 0;1009-1;p1999988-1 100 405,1009,1022,1025;
406 p 1 1 100 1 40 10 0;1009-1;p1999966-1 100 406,1009,1022,1025;
407 p 1 1 100 1 40 10 0;1009-1;p2000002-1 100 407,1009,1022,1025;
408 p 1 1 100 1 40 10 0;1009-1;p1999851-1 100 408,1009,1022,1025;
409 p 1 1 100 1 40 10 0;1009-1;p1999845-1 100 409,1009,1022,1025;
410 p 1 1 100 1 40 10 0;1009-1;p1999944-1 100 410,1009,1022,1025;
411 p 1 1 100 1 40 10 0;1009-1;p2000070-1 100 411,1009,1022,1025;
412 p 1 1 100 1 40 10 0;1009-1;p2000037-1 100 412,1009,1022,1025;
413 p 1 1 100 1 40 10 0;1009-1;p1999838-1 100 413,1009,1022,1025;
414 p 1 1 100 1 40 10 0;1009-1;p1999939-1 100 414,1009,1022,1025;
415 p 1 1 100 1 40 10 0;1009-1;p2000191-1 100 415,1009,1022,1025;
416 p 1 1 100 1 40 10 0;1009-1;p2000034-1 100 416,1009,1022,1025;
417 p 1 1 100 1 40 10 0;1009-1;p1999962-1 100 417,1009,1022,1025;
418 p 1 1 100 1 40 10 0;1009-1;p2000075-1 100 418,1009,1022,1025;
419 p 1 1 100 1 40 10 0;1009-1;p1999832-1 100 419,1009,1022,1025;
420 p 1 1 100 1 40 10 0;1009-1;p1999817-1 100 420,1009,1022,1025;
421 p 1 1 100 1 40 10 0;1009-1;p1999917-1 100 421,1009,1022,1025;
422 p 1 1 100 1 40 10 0;1009-1;p1999968-1 100 422,1009,1022,1025;
423 p 1 1 100 1 40 10 0;1009-1;p1999808-1 100 423,1009,1022,1025;
424 p 1 1 100 1 40 10 0;1009-1;p1999911-1 100 424,1009,1022,1025;
425 p 1 1 100 1 40 10 0;1009-1;p2000051-1 100 425,1009,1022,1025;
426 p 1 1 100 1 40 10 0;1009-1;p1999967-1 100 426,1009,1022,1025;
427 p 1 1 100 1 40 10 0;1009-1;p1999999-1 100 427,1009,1022,1025;
428 p 1 1 100 1 40 10 0;1009-1;p1999830-1 100 428,1009,1022,1025;
429 p 1 1 100 1 40 10 0;1009-1;p1999817-1 100 429,1009,1022,1025;
430 p 1 1 100 1 40 10 0;1009-1;p2000078-1 100 430,1009,1022,1025;
431 p 1 1 100 1 40 10 0;1009-1;p2000151-1 100 431,1009,1022,1025;
432 p 1 1 100 1 40 10 0;1009-1;p2000050-1 100 432,1009,1022,1025;
433 p 1 1 100 1 40 10 0;1009-1;p2000092-1 100 433,1009,1022,1025;
434 p 1 1 100 1 40 10 0;1009-1;p1999876-1 100 434,1009,1022,1025;
435 p 1 1 100 1 40 10 0;1009-1;p1999978-1 100 435,1009,1022,1025;
436 p 1 1 100 1 40 10 0;1009-1;p2000014-1 100 436,1009,1022,1025;
437 p 1 1 100 1 40 10 0;1009-1;p2000007-1 100 437,1009,1022,1025;
438 p 1 1 100 1 40 10 0;1009-1;p1999861-1 100 438,1009,1022,1025;
439 p 1 1 100 1 40 10 0;1009-1;p2000092-1 100 439,1009,1022,1025;
440 p 1 1 100 1 40 10 0;1009-1;p1999976-1 100 440,1009,1022,1025;
441 p 1 1 100 1 40 10 0;1009-1;p1999917-1 100 441,1009,1022,1025;
442 p 1 1 100 1 40 10 0;1009-1;p2000057-1 100 442,1009,1022,1025;
443 p 1 1 100 1 40 10 0;1009-1;p2000174-1 100 443,1009,1022,1025;
444 p 1 1 100 1 40 10 0;1009-1;p1999937-1 100 444,1009,1022,1025;
445 p 1 1 100 1 40 10 0;1009-1;p2000085-1 100 445,1009,1022,1025;
446 p 1 1 100 1 40 10 0;1009-1;p2000090-1 100 446,1009,1022,1025;
447 p 1 1 100 1 40 10 0;1009-1;p2000090-1 100 447,1009,1022,1025;
448 p 1 1 100 1 40 10 0;1009-1;p2000017-1 100 448,1009,1022,1025;
449 p 1 1 100 1 40 10 0;1009-1;p2000020-1 100 449,1009,1022,1025;
450 p 1 1 100 1 40 10 0;1009-1;p2000077-1 100 450,1009,1022,1025;
451 p 1 1 100 1 40 10 0;1010-1;p2000183-1 100 451,1010,1022,1025;
452 p 1 1 100 1 40 10 0;1010-1;p1999965-1 100 452,1010,1022,1025;
453 p 1 1 100 1 40 10 0;1010-1;p1999989-1 100 453,1010,1022,1025;
454 p 1 1 100 1 40 10 0;1010-1;p1999911-1 100 454,1010,1022,1025;
455 p 1 1 100 1 40 10 0;1010-1;p1999830-1 100 455,1010,1022,1025;
456 p 1 1 100 1 40 10 0;1010-1;p1999900-1 100 456,1010,1022,1025;
457 p 1 1 100 1 40 10 0;1010-1;p1999884-1 100 457,1010,1022,1025;
458 p 1 1 100 1 40 10 0;1010-1;p1999904-1 100 458,1010,1022,1025;
459 p 1 1 100 1 40 10 0;1010-1;p1999921-1 100 459,1010,1022,1025;
460 p 1 1 100 1 40 10 0;1010-1;p2000126-1 100 460,1010,1022,1025;
461 p 1 1 100 1 40 10 0;1010-1;p2000003-1 100 461,1010,1022,1025;
462 p 1 1 100 1 40 10 0;1010-1;p2000157-1 100 462,1010,1022,1025;
463 p 1 1 100 1 40 10 0;1010-1;p1999808-1 100 463,1010,1022,1025;
464 p 1 1 100 1 40 10 0;1010-1;p2000160-1 100 464,1010,1022,1025;
465 p 1 1 100 1 40 10 0;1010-1;p2000193-1 100 465,1010,1022,1025;
466 p 1 1 100 1 40 10 0;1010-1;p2000078-1 100 466,1010,1022,1025;
467 p 1 1 100 1 40 10 0;1010-1;p1999857-1 100 467,1010,1022,1025;
468 p 1 1 100 1 40 10 0;1010-1;p1999984-1 100 468,1010,1022,1025;
469 p 1 1 100 1 40 10 0;1010-1;p1999992-1 100 469,1010,1022,1025;
470 p 1 1 100 1 40 10 0;1010-1;p2000076-1 100 470,1010,1022,1025;
471 p 1 1 100 1 40 10 0;1010-1;p1999926-1 100 471,1010,1022,1025;
472 p 1 1 100 1 40 10 0;1010-1;p2000140-1 100 472,1010,1022,1025;
473 p 1 1 100 1 40 10 0;1010-1;p1999934-1 100 473,1010,1022,1025;
474 p 1 1 100 1 40 10 0;1010-1;p2000032-1 100 474,1010,1022,1025;
475 p 1 1 100 1 40 10 0;1010-1;p2000059-1 100 475,1010,1022,1025;
476 p 1 1 100 1 40 10 0;1010-1;p2000160-1 100 476,1010,1022,1025;
477 p 1 1 100 1 40 10 0;1010-1;p1999951-1 100 477,1010,1022,1025;
478 p 1 1 100 1 40 10 0;1010-1;p2000100-1 100 478,1010,1022,1025;
479 p 1 1 100 1 40 10 0;1010-1;p2000086-1 100 479,1010,1022,1025;
480 p 1 1 100 1 40 10 0;1010-1;p1999802-1 100 480,1010,1022,1025;
481 p 1 1 100 1 40 10 0;1010-1;p2000120-1 100 481,1010,1022,1025;
482 p 1 1 100 1 40 10 0;1010-1;p1999892-1 100 482,1010,1022,1025;
483 p 1 1 100 1 40 10 0;1010-1;p2000027-1 100 483,1010,1022,1025;
484 p 1 1 100 1 40 10 0;1010-1;p2000061-1 100 484,1010,1022,1025;
485 p 1 1 100 1 40 10 0;1010-1;p2000199-1 100 485,1010,1022,1025;
486 p 1 1 100 1 40 10 0;1010-1;p1999896-1 100 486,1010,1022,1025;
487 p 1 1 100 1 40 10 0;1010-1;p2000003-1 100 487,1010,1022,1025;
488 p 1 1 100 1 40 10 0;1010-1;p2000106-1 100 488,1010,1022,1025;
489 p 1 1 100 1 40 10 0;1010-1;p2000026-1 100 489,1010,1022,1025;
490 p 1 1 100 1 40 10 0;1010-1;p2000108-1 100 490,1010,1022,1025;
491 p 1 1 100 1 40 10 0;1010-1;p1999921-1 100 491,1010,1022,1025;
492 p 1 1 100 1 40 10 0;1010-1;p1999872-1 100 492,1010,1022,1025;
493 p 1 1 100 1 40 10 0;1010-1;p2000096-1 100 493,1010,1022,1025;
494 p 1 1 100 1 40 10 0;1010-1;p1999822-1 100 494,1010,1022,1025;
495 p 1 1 100 1 40 10 0;1010-1;p1999938-1 100 495,1010,1022,1025;
496 p 1 1 100 1 40 10 0;1010-1;p1999858-1 100 496,1010,1022,1025;
497 p 1 1 100 1 40 10 0;1010-1;p2000001-1 100 497,1010,1022,1025;
498 p 1 1 100 1 40 10 0;1010-1;p2000019-1 100 498,1010,1022,1025;
499 p 1 1 100 1 40 10 0;1010-1;p1999922-1 100 499,1010,1022,1025;
500 p 1 1 100 1 40 10 0;1010-1;p1999950-1 100 500,1010,1022,1025;
501 p 1 1 100 1 40 10 0;1011-1;p1999837-1 100 501,1011,1023,1025;
502 p 1 1 100 1 40 10 0;1011-1;p1999925-1 100 502,1011,1023,1025;
503 p 1 1 100 1 40 10 0;1011-1;p2000061-1 100 503,1011,1023,1025;
504 p 1 1 100 1 40 10 0;1011-1;p1999940-1 100 504,1011,1023,1025;
505 p 1 1 100 1 40 10 0;1011-1;p1999808-1 100 505,1011,1023,1025;
506 p 1 1 100 1 40 10 0;1011-1;p2000165-1 100 506,1011,1023,1025;
507 p 1 1 100 1 40 10 0;1011-1;p2000173-1 100 507,1011,1023,1025;
508 p 1 1 100 1 40 10 0;1011-1;p2000042-1 100 508,1011,1023,1025;
509 p 1 1 100 1 40 10 0;1011-1;p2000047-1 100 509,1011,1023,1025;
510 p 1 1 100 1 40 10 0;1011-1;p2000047-1 100 510,1011,1023,1025;
511 p 1 1 100 1 40 10 0;1011-1;p1999925-1 100 511,1011,1023,1025;
512 p 1 1 100 1 40 10 0;1011-1;p1999932-1 100 512,1011,1023,1025;
513 p 1 1 100 1 40 10 0;1011-1;p2000011-1 100 513,1011,1023,1025;
514 p 1 1 100 1 40 10 0;1011-1;p2000164-1 100 514,1011,1023,1025;
515 p 1 1 100 1 40 10 0;1011-1;p2000134-1 100 515,1011,1023,1025;
516 p 1 1 100 1 40 10 0;1011-1;p2000039-1 100 516,1011,1023,1025;
517 p 1 1 100 1 40 10 0;1011-1;p2000107-1 100 517,1011,1023,1025;
518 p 1 1 100 1 40 10 0;1011-1;p2000006-1 100 518,1011,1023,1025;
519 p 1 1 100 1 40 10 0;1011-1;p1999821-1 100 519,1011,1023,1025;
520 p 1 1 100 1 40 10 0;1011-1;p1999851-1 100 520,1011,1023,1025;
521 p 1 1 100 1 40 10 0;1011-1;p1999921-1 100 521,1011,1023,1025;
522 p 1 1 100 1 40 10 0;1011-1;p1999801-1 100 522,1011,1023,1025;
523 p 1 1 100 1 40 10 0;1011-1;p2000110-1 100 523,1011,1023,1025;
524 p 1 1 100 1 40 10 0;1011-1;p1999946-1 100 524,1011,1023,1025;
525 p 1 1 100 1 40 10 0;1011-1;p1999949-1 100 525,1011,1023,1025;
526 p 1 1 100 1 40 10 0;1011-1;p1999909-1 100 526,1011,1023,1025;
527 p 1 1 100 1 40 10 0;1011-1;p1999994-1 100 527,1011,1023,1025;
528 p 1 1 100 1 40 10 0;1011-1;p1999942-1 100 528,1011,1023,1025;
529 p 1 1 100 1 40 10 0;1011-1;p2000192-1 100 529,1011,1023,1025;
530 p 1 1 100 1 40 10 0;1011-1;p2000056-1 100 530,1011,1023,1025;
531 p 1 1 100 1 40 10 0;1011-1;p1999945-1 100 531,1011,1023,1025;
532 p 1 1 100 1 40 10 0;1011-1;p2000054-1 100 532,1011,1023,1025;
533 p 1 1 100 1 40 10 0;1011-1;p1999994-1 100 533,1011,1023,1025;
534 p 1 1 100 1 40 10 0;1011-1;p2000040-1 100 534,1011,1023,1025;
535 p 1 1 100 1 40 10 0;1011-1;p1999923-1 100 535,1011,1023,1025;
536 p 1 1 100 1 40 10 0;1011-1;p1999871-1 100 536,1011,1023,1025;
537 p 1 1 100 1 40 10 0;1011-1;p2000100-1 100 537,1011,1023,1025;
538 p 1 1 100 1 40 10 0;1011-1;p2000125-1 100 538,1011,1023,1025;
539 p 1 1 100 1 40 10 0;1011-1;p2000124-1 100 539,1011,1023,1025;
540 p 1 1 100 1 40 10 0;1011-1;p2000127-1 100 540,1011,1023,1025;
541 p 1 1 100 1 40 10 0;1011-1;p1999802-1 100 541,1011,1023,1025;
542 p 1 1 100 1 40 10 0;1011-1;p2000057-1 100 542,1011,1023,1025;
543 p 1 1 100 1 40 10 0;1011-1;p1999827-1 100 543,1011,1023,1025;
544 p 1 1 100 1 40 10 0;1011-1;p1999948-1 100 544,1011,1023,1025;
545 p 1 1 100 1 40 10 0;1011-1;p2000151-1 100 545,1011,1023,1025;
546 p 1 1 100 1 40 10 0;1011-1;p1999890-1 100 546,1011,1023,1025;
547 p 1 1 100 1 40 10 0;1011-1;p2000149-1 100 547,1011,1023,1025;
548 p 1 1 100 1 40 10 0;1011-1;p2000045-1 100 548,1011,1023,1025;
549 p 1 1 100 1 40 10 0;1011-1;p1999912-1 100 549,1011,1023,1025;
550 p 1 1 100 1 40 10 0;1011-1;p1999873-1 100 550,1011,1023,1025;
551 p 1 1 100 1 40 10 0;1012-1;p2000026-1 100 551,1012,1023,1025;
552 p 1 1 100 1 40 10 0;1012-1;p2000135-1 100 552,1012,1023,1025;
553 p 1 1 100 1 40 10 0;1012-1;p1999911-1 100 553,1012,1023,1025;
554 p 1 1 100 1 40 10 0;1012-1;p1999931-1 100 554,1012,1023,1025;
555 p 1 1 100 1 40 10 0;1012-1;p1999921-1 100 555,1012,1023,1025;
556 p 1 1 100 1 40 10 0;1012-1;p1999941-1 100 556,1012,1023,1025;
557 p 1 1 100 1 40 10 0;1012-1;p1999993-1 100 557,1012,1023,1025;
558 p 1 1 100 1 40 10 0;1012-1;p1999885-1 100 558,1012,1023,1025;
559 p 1 1 100 1 40 10 0;1012-1;p1999996-1 100 559,1012,1023,1025;
560 p 1 1 100 1 40 10 0;1012-1;p1999971-1 100 560,1012,1023,1025;
561 p 1 1 100 1 40 10 0;1012-1;p1999896-1 100 561,1012,1023,1025;
562 p 1 1 100 1 40 10 0;1012-1;p2000074-1 100 562,1012,1023,1025;
563 p 1 1 100 1 40 10 0;1012-1;p1999841-1 100 563,1012,1023,1025;
564 p 1 1 100 1 40 10 0;1012-1;p2000025-1 100 564,1012,1023,1025;
565 p 1 1 100 1 40 10 0;1012-1;p2000196-1 100 565,1012,1023,1025;
566 p 1 1 100 1 40 10 0;1012-1;p1999977-1 100 566,1012,1023,1025;
567 p 1 1 100 1 40 10 0;1012-1;p1999849-1 100 567,1012,1023,1025;
568 p 1 1 100 1 40 10 0;1012-1;p1999860-1 100 568,1012,1023,1025;
569 p 1 1 100 1 40 10 0;1012-1;p2000123-1 100 569,1012,1023,1025;
570 p 1 1 100 1 40 10 0;1012-1;p2000187-1 100 570,1012,1023,1025;
571 p 1 1 100 1 40 10 0;1012-1;p2000022-1 100 571,1012,1023,1025;
572 p 1 1 100 1 40 10 0;1012-1;p2000025-1 100 572,1012,1023,1025;
573 p 1 1 100 1 40 10 0;1012-1;p1999955-1 100 573,1012,1023,1025;
574 p 1 1 100 1 40 10 0;1012-1;p2000157-1 100 574,1012,1023,1025;
575 p 1 1 100 1 40 10 0;1012-1;p1999911-1 100 575,1012,1023,1025;
576 p 1 1 100 1 40 10 0;1012-1;p2000182-1 100 576,1012,1023,1025;
577 p 1 1 100 1 40 10 0;1012-1;p1999947-1 100 577,1012,1023,1025;
578 p 1 1 100 1 40 10 0;1012-1;p2000038-1 100 578,1012,1023,1025;
579 p 1 1 100 1 40 10 0;1012-1;p1999920-1 100 579,1012,1023,1025;
580 p 1 1 100 1 40 10 0;1012-1;p2000087-1 100 580,1012,1023,1025;
581 p 1 1 100 1 40 10 0;1012-1;p2000149-1 100 581,1012,1023,1025;
582 p 1 1 100 1 40 10 0;1012-1;p2000160-1 100 582,1012,1023,1025;
583 p 1 1 100 1 40 10 0;1012-1;p2000082-1 100 583,1012,1023,1025;
584 p 1 1 100 1 40 10 0;1012-1;p1999805-1 100 584,1012,1023,1025;
585 p 1 1 100 1 40 10 0;1012-1;p1999954-1 100 585,1012,1023,1025;
586 p 1 1 100 1 40 10 0;1012-1;p1999802-1 100 586,1012,1023,1025;
587 p 1 1 100 1 40 10 0;1012-1;p1999878-1 100 587,1012,1023,1025;
588 p 1 1 100 1 40 10 0;1012-1;p2000109-1 100 588,1012,1023,1025;
589 p 1 1 100 1 40 10 0;1012-1;p2000162-1 100 589,1012,1023,1025;
590 p 1 1 100 1 40 10 0;1012-1;p2000123-1 100 590,1012,1023,1025;
591 p 1 1 100 1 40 10 0;1012-1;p1999986-1 100 591,1012,1023,1025;
592 p 1 1 100 1 40 10 0;1012-1;p2000172-1 100 592,1012,1023,1025;
593 p 1 1 100 1 40 10 0;1012-1;p2000090-1 100 593,1012,1023,1025;
594 p 1 1 100 1 40 10 0;1012-1;p2000091-1 100 594,1012,1023,1025;
595 p 1 1 100 1 40 10 0;1012-1;p1999827-1 100 595,1012,1023,1025;
596 p 1 1 100 1 40 10 0;1012-1;p1999853-1 100 596,1012,1023,1025;
597 p 1 1 100 1 40 10 0;1012-1;p1999909-1 100 597,1012,1023,1025;
598 p 1 1 100 1 40 10 0;1012-1;p1999987-1 100 598,1012,1023,1025;
599 p 1 1 100 1 40 10 0;1012-1;p1999992-1 100 599,1012,1023,1025;
600 p 1 1 100 1 40 10 0;1012-1;p1999942-1 100 600,1012,1023,1025;
601 p 1 1 100 1 40 10 0;1013-1;p2000071-1 100 601,1013,1023,1025;
602 p 1 1 100 1 40 10 0;1013-1;p2000068-1 100 602,1013,1023,1025;
603 p 1 1 100 1 40 10 0;1013-1;p2000087-1 100 603,1013,1023,1025;
604 p 1 1 100 1 40 10 0;1013-1;p2000156-1 100 604,1013,1023,1025;
605 p 1 1 100 1 40 10 0;1013-1;p1999946-1 100 605,1013,1023,1025;
606 p 1 1 100 1 40 10 0;1013-1;p2000125-1 100 606,1013,1023,1025;
607 p 1 1 100 1 40 10 0;1013-1;p2000144-1 100 607,1013,1023,1025;
608 p 1 1 100 1 40 10 0;1013-1;p2000117-1 100 608,1013,1023,1025;
609 p 1 1 100 1 40 10 0;1013-1;p1999952-1 100 609,1013,1023,1025;
610 p 1 1 100 1 40 10 0;1013-1;p1999935-1 100 610,1013,1023,1025;
611 p 1 1 100 1 40 10 0;1013-1;p1999952-1 100 611,1013,1023,1025;
612 p 1 1 100 1 40 10 0;1013-1;p2000020-1 100 612,1013,1023,1025;
613 p 1 1 100 1 40 10 0;1013-1;p2000071-1 100 613,1013,1023,1025;
614 p 1 1 100 1 40 10 0;1013-1;p2000157-1 100 614,1013,1023,1025;
615 p 1 1 100 1 40 10 0;1013-1;p2000179-1 100 615,1013,1023,1025;
616 p 1 1 100 1 40 10 0;1013-1;p1999918-1 100 616,1013,1023,1025;
617 p 1 1 100 1 40 10 0;1013-1;p2000100-1 100 617,1013,1023,1025;
618 p 1 1 100 1 40 10 0;1013-1;p2000145-1 100 618,1013,1023,1025;
619 p 1 1 100 1 40 10 0;1013-1;p1999851-1 100 619,1013,1023,1025;
620 p 1 1 100 1 40 10 0;1013-1;p2000045-1 100 620,1013,1023,1025;
621 p 1 1 100 1 40 10 0;1013-1;p2000073-1 100 621,1013,1023,1025;
622 p 1 1 100 1 40 10 0;1013-1;p1999879-1 100 622,1013,1023,1025;
623 p 1 1 100 1 40 10 0;1013-1;p1999918-1 100 623,1013,1023,1025;
624 p 1 1 100 1 40 10 0;1013-1;p2000132-1 100 624,1013,1023,1025;
625 p 1 1 100 1 40 10 0;1013-1;p2000046-1 100 625,1013,1023,1025;
626 p 1 1 100 1 40 10 0;1013-1;p1999939-1 100 626,1013,1023,1025;
627 p 1 1 100 1 40 10 0;1013-1;p1999997-1 100 627,1013,1023,1025;
628 p 1 1 100 1 40 10 0;1013-1;p2000169-1 100 628,1013,1023,1025;
629 p 1 1 100 1 40 10 0;1013-1;p1999880-1 100 629,1013,1023,1025;
630 p 1 1 100 1 40 10 0;1013-1;p2000164-1 100 630,1013,1023,1025;
631 p 1 1 100 1 40 10 0;1013-1;p1999990-1 100 631,1013,1023,1025;
632 p 1 1 100 1 40 10 0;1013-1;p2000179-1 100 632,1013,1023,1025;
633 p 1 1 100 1 40 10 0;1013-1;p1999996-1 100 633,1013,1023,1025;
634 p 1 1 100 1 40 10 0;1013-1;p1999810-1 100 634,1013,1023,1025;
635 p 1 1 100 1 40 10 0;1013-1;p2000150-1 100 635,1013,1023,1025;
636 p 1 1 100 1 40 10 0;1013-1;p1999856-1 100 636,1013,1023,1025;
637 p 1 1 100 1 40 10 0;1013-1;p1999954-1 100 637,1013,1023,1025;
638 p 1 1 100 1 40 10 0;1013-1;p2000130-1 100 638,1013,1023,1025;
639 p 1 1 100 1 40 10 0;1013-1;p1999905-1 100 639,1013,1023,1025;
640 p 1 1 100 1 40 10 0;1013-1;p2000084-1 100 640,1013,1023,1025;
641 p 1 1 100 1 40 10 0;1013-1;p2000057-1 100 641,1013,1023,1025;
642 p 1 1 100 1 40 10 0;1013-1;p2000109-1 100 642,1013,1023,1025;
643 p 1 1 100 1 40 10 0;1013-1;p1999890-1 100 643,1013,1023,1025;
644 p 1 1 100 1 40 10 0;1013-1;p1999910-1 100 644,1013,1023,1025;
645 p 1 1 100 1 40 10 0;1013-1;p2000129-1 100 645,1013,1023,1025;
646 p 1 1 100 1 40 10 0;1013-1;p2000181-1 100 646,1013,1023,1025;
647 p 1 1 100 1 40 10 0;1013-1;p1999891-1 100 647,1013,1023,1025;
648 p 1 1 100 1 40 10 0;1013-1;p1999828-1 100 648,1013,1023,1025;
649 p 1 1 100 1 40 10 0;1013-1;p1999846-1 100 649,1013,1023,1025;
650 p 1 1 100 1 40 10 0;1013-1;p1999965-1 100 650,1013,1023,1025;
651 p 1 1 100 1 40 10 0;1014-1;p1999959-1 100 651,1014,1023,1025;
652 p 1 1 100 1 40 10 0;1014-1;p2000142-1 100 652,1014,1023,1025;
653 p 1 1 100 1 40 10 0;1014-1;p2000162-1 100 653,1014,1023,1025;
654 p 1 1 100 1 40 10 0;1014-1;p2000125-1 100 654,1014,1023,1025;
655 p 1 1 100 1 40 10 0;1014-1;p1999918-1 100 655,1014,1023,1025;
656 p 1 1 100 1 40 10 0;1014-1;p2000099-1 100 656,1014,1023,1025;
657 p 1 1 100 1 40 10 0;1014-1;p1999901-1 100 657,1014,1023,1025;
658 p 1 1 100 1 40 10 0;1014-1;p2000118-1 100 658,1014,1023,1025;
659 p 1 1 100 1 40 10 0;1014-1;p1999881-1 100 659,1014,1023,1025;
660 p 1 1 100 1 40 10 0;1014-1;p1999974-1 100 660,1014,1023,1025;
661 p 1 1 100 1 40 10 0;1014-1;p2000081-1 100 661,1014,1023,1025;
662 p 1 1 100 1 40 10 0;1014-1;p2000037-1 100 662,1014,1023,1025;
663 p 1 1 100 1 40 10 0;1014-1;p1999847-1 100 663,1014,1023,1025;
664 p 1 1 100 1 40 10 0;1014-1;p1999914-1 100 664,1014,1023,1025;
665 p 1 1 100 1 40 10 0;1014-1;p2000158-1 100 665,1014,1023,1025;
666 p 1 1 100 1 40 10 0;1014-1;p1999911-1 100 666,1014,1023,1025;
667 p 1 1 100 1 40 10 0;1014-1;p1999987-1 100 667,1014,1023,1025;
668 p 1 1 100 1 40 10 0;1014-1;p2000031-1 100 668,1014,1023,1025;
669 p 1 1 100 1 40 10 0;1014-1;p1999887-1 100 669,1014,1023,1025;
670 p 1 1 100 1 40 10 0;1014-1;p1999824-1 100 670,1014,1023,1025;
671 p 1 1 100 1 40 10 0;1014-1;p1999811-1 100 671,1014,1023,1025;
672 p 1 1 100 1 40 10 0;1014-1;p1999866-1 100 672,1014,1023,1025;
673 p 1 1 100 1 40 10 0;1014-1;p1999981-1 100 673,1014,1023,1025;
674 p 1 1 100 1 40 10 0;1014-1;p1999842-1 100 674,1014,1023,1025;
675 p 1 1 100 1 40 10 0;1014-1;p1999982-1 100 675,1014,1023,1025;
676 p 1 1 100 1 40 10 0;1014-1;p2000014-1 100 676,1014,1023,1025;
677 p 1 1 100 1 40 10 0;1014-1;p2000024-1 100 677,1014,1023,1025;
678 p 1 1 100 1 40 10 0;1014-1;p1999860-1 100 678,1014,1023,1025;
679 p 1 1 100 1 40 10 0;1014-1;p1999861-1 100 679,1014,1023,1025;
680 p 1 1 100 1 40 10 0;1014-1;p1999977-1 100 680,1014,1023,1025;
681 p 1 1 100 1 40 10 0;1014-1;p1999949-1 100 681,1014,1023,1025;
682 p 1 1 100 1 40 10 0;1014-1;p2000140-1 100 682,1014,1023,1025;
683 p 1 1 100 1 40 10 0;1014-1;p2000122-1 100 683,1014,1023,1025;
684 p 1 1 100 1 40 10 0;1014-1;p1999921-1 100 684,1014,1023,1025;
685 p 1 1 100 1 40 10 0;1014-1;p2000064-1 100 685,1014,1023,1025;
686 p 1 1 100 1 40 10 0;1014-1;p1999843-1 100 686,1014,1023,1025;
687 p 1 1 100 1 40 10 0;1014-1;p2000066-1 100 687,1014,1023,1025;
688 p 1 1 100 1 40 10 0;1014-1;p1999901-1 100 688,1014,1023,1025;
689 p 1 1 100 1 40 10 0;1014-1;p1999973-1 100 689,1014,1023,1025;
690 p 1 1 100 1 40 10 0;1014-1;p2000026-1 100 690,1014,1023,1025;
691 p 1 1 100 1 40 10 0;1014-1;p2000097-1 100 691,1014,1023,1025;
692 p 1 1 100 1 40 10 0;1014-1;p1999829-1 100 692,1014,1023,1025;
693 p 1 1 100 1 40 10 0;1014-1;p2000106-1 100 693,1014,1023,1025;
694 p 1 1 100 1 40 10 0;1014-1;p1999846-1 100 694,1014,1023,1025;
695 p 1 1 100 1 40 10 0;1014-1;p1999954-1 100 695,1014,1023,1025;
696 p 1 1 100 1 40 10 0;1014-1;p2000173-1 100 696,1014,1023,1025;
697 p 1 1 100 1 40 10 0;1014-1;p1999895-1 100 697,1014,1023,1025;
698 p 1 1 100 1 40 10 0;1014-1;p2000036-1 100 698,1014,1023,1025;
699 p 1 1 100 1 40 10 0;1014-1;p1999870-1 100 699,1014,1023,1025;
700 p 1 1 100 1 40 10 0;1014-1;p2000006-1 100 700,1014,1023,1025;
701 p 1 1 100 1 40 10 0;1015-1;p2000017-1 100 701,1015,1023,1025;
702 p 1 1 100 1 40 10 0;1015-1;p1999984-1 100 702,1015,1023,1025;
703 p 1 1 100 1 40 10 0;1015-1;p1999832-1 100 703,1015,1023,1025;
704 p 1 1 100 1 40 10 0;1015-1;p1999871-1 100 704,1015,1023,1025;
705 p 1 1 100 1 40 10 0;1015-1;p2000086-1 100 705,1015,1023,1025;
706 p 1 1 100 1 40 10 0;1015-1;p2000031-1 100 706,1015,1023,1025;
707 p 1 1 100 1 40 10 0;1015-1;p2000081-1 100 707,1015,1023,1025;
708 p 1 1 100 1 40 10 0;1015-1;p1999992-1 100 708,1015,1023,1025;
709 p 1 1 100 1 40 10 0;1015-1;p2000096-1 100 709,1015,1023,1025;
710 p 1 1 100 1 40 10 0;1015-1;p1999913-1 100 710,1015,1023,1025;
711 p 1 1 100 1 40 10 0;1015-1;p2000102-1 100 711,1015,1023,1025;
712 p 1 1 100 1 40 10 0;1015-1;p1999940-1 100 712,1015,1023,1025;
713 p 1 1 100 1 40 10 0;1015-1;p1999803-1 100 713,1015,1023,1025;
714 p 1 1 100 1 40 10 0;1015-1;p2000174-1 100 714,1015,1023,1025;
715 p 1 1 100 1 40 10 0;1015-1;p2000127-1 100 715,1015,1023,1025;
716 p 1 1 100 1 40 10 0;1015-1;p2000113-1 100 716,1015,1023,1025;
717 p 1 1 100 1 40 10 0;1015-1;p2000018-1 100 717,1015,1023,1025;
718 p 1 1 100 1 40 10 0;1015-1;p1999916-1 100 718,1015,1023,1025;
719 p 1 1 100 1 40 10 0;1015-1;p1999950-1 100 719,1015,1023,1025;
720 p 1 1 100 1 40 10 0;1015-1;p2000084-1 100 720,1015,1023,1025;
721 p 1 1 100 1 40 10 0;1015-1;p1999897-1 100 721,1015,1023,1025;
722 p 1 1 100 1 40 10 0;1015-1;p1999988-1 100 722,1015,1023,1025;
723 p 1 1 100 1 40 10 0;1015-1;p2000047-1 100 723,1015,1023,1025;
724 p 1 1 100 1 40 10 0;1015-1;p2000090-1 100 724,1015,1023,1025;
725 p 1 1 100 1 40 10 0;1015-1;p1999920-1 100 725,1015,1023,1025;
726 p 1 1 100 1 40 10 0;1015-1;p2000163-1 100 726,1015,1023,1025;
727 p 1 1 100 1 40 10 0;1015-1;p1999957-1 100 727,1015,1023,1025;
728 p 1 1 100 1 40 10 0;1015-1;p2000195-1 100 728,1015,1023,1025;
729 p 1 1 100 1 40 10 0;1015-1;p1999927-1 100 729,1015,1023,1025;
730 p 1 1 100 1 40 10 0;1015-1;p1999934-1 100 730,1015,1023,1025;
731 p 1 1 100 1 40 10 0;1015-1;p1999978-1 100 731,1015,1023,1025;
732 p 1 1 100 1 40 10 0;1015-1;p1999863-1 100 732,1015,1023,1025;
733 p 1 1 100 1 40 10 0;1015-1;p1999898-1 100 733,1015,1023,1025;
734 p 1 1 100 1 40 10 0;1015-1;p2000061-1 100 734,1015,1023,1025;
735 p 1 1 100 1 40 10 0;1015-1;p2000049-1 100 735,1015,1023,1025;
736 p 1 1 100 1 40 10 0;1015-1;p1999965-1 100 736,1015,1023,1025;
737 p 1 1 100 1 40 10 0;1015-1;p1999917-1 100 737,1015,1023,1025;
738 p 1 1 100 1 40 10 0;1015-1;p1999872-1 100 738,1015,1023,1025;
739 p 1 1 100 1 40 10 0;1015-1;p2000141-1 100 739,1015,1023,1025;
740 p 1 1 100 1 40 10 0;1015-1;p1999889-1 100 740,1015,1023,1025;
741 p 1 1 100 1 40 10 0;1015-1;p2000015-1 100 741,1015,1023,1025;
742 p 1 1 100 1 40 10 0;1015-1;p1999878-1 100 742,1015,1023,1025;
743 p 1 1 100 1 40 10 0;1015-1;p1999980-1 100 743,1015,1023,1025;
744 p 1 1 100 1 40 10 0;1015-1;p1999847-1 100 744,1015,1023,1025;
745 p 1 1 100 1 40 10 0;1015-1;p1999874-1 100 745,1015,1023,1025;
746 p 1 1 100 1 40 10 0;1015-1;p2000021-1 100 746,1015,1023,1025;
747 p 1 1 100 1 40 10 0;1015-1;p1999988-1 100 747,1015,1023,1025;
748 p 1 1 100 1 40 10 0;1015-1;p2000111-1 100 748,1015,1023,1025;
749 p 1 1 100 1 40 10 0;1015-1;p2000172-1 100 749,1015,1023,1025;
750 p 1 1 100 1 40 10 0;1015-1;p2000114-1 100 750,1015,1023,1025;
751 p 1 1 100 1 40 10 0;1016-1;p2000086-1 100 751,1016,1024,1025;
752 p 1 1 100 1 40 10 0;1016-1;p2000105-1 100 752,1016,1024,1025;
753 p 1 1 100 1 40 10 0;1016-1;p1999898-1 100 753,1016,1024,1025;
754 p 1 1 100 1 40 10 0;1016-1;p2000152-1 100 754,1016,1024,1025;
755 p 1 1 100 1 40 10 0;1016-1;p2000080-1 100 755,1016,1024,1025;
756 p 1 1 100 1 40 10 0;1016-1;p1999851-1 100 756,1016,1024,1025;
757 p 1 1 100 1 40 10 0;1016-1;p1999980-1 100 757,1016,1024,1025;
758 p 1 1 100 1 40 10 0;1016-1;p2000140-1 100 758,1016,1024,1025;
759 p 1 1 100 1 40 10 0;1016-1;p2000018-1 100 759,1016,1024,1025;
760 p 1 1 100 1 40 10 0;1016-1;p2000179-1 100 760,1016,1024,1025;
761 p 1 1 100 1 40 10 0;1016-1;p2000092-1 100 761,1016,1024,1025;
762 p 1 1 100 1 40 10 0;1016-1;p2000013-1 100 762,1016,1024,1025;
763 p 1 1 100 1 40 10 0;1016-1;p1999867-1 100 763,1016,1024,1025;
764 p 1 1 100 1 40 10 0;1016-1;p1999895-1 100 764,1016,1024,1025;
765 p 1 1 100 1 40 10 0;1016-1;p1999834-1 100 765,1016,1024,1025;
766 p 1 1 100 1 40 10 0;1016-1;p2000085-1 100 766,1016,1024,1025;
767 p 1 1 100 1 40 10 0;1016-1;p1999881-1 100 767,1016,1024,1025;
768 p 1 1 100 1 40 10 0;1016-1;p2000194-1 100 768,1016,1024,1025;
769 p 1 1 100 1 40 10 0;1016-1;p1999920-1 100 769,1016,1024,1025;
770 p 1 1 100 1 40 10 0;1016-1;p1999937-1 100 770,1016,1024,1025;
771 p 1 1 100 1 40 10 0;1016-1;p1999973-1 100 771,1016,1024,1025;
772 p 1 1 100 1 40 10 0;1016-1;p2000128-1 100 772,1016,1024,1025;
773 p 1 1 100 1 40 10 0;1016-1;p1999949-1 100 773,1016,1024,1025;
774 p 1 1 100 1 40 10 0;1016-1;p2000036-1 100 774,1016,1024,1025;
775 p 1 1 100 1 40 10 0;1016-1;p1999951-1 100 775,1016,1024,1025;
776 p 1 1 100 1 40 10 0;1016-1;p2000007-1 100 776,1016,1024,1025;
777 p 1 1 100 1 40 10 0;1016-1;p2000023-1 100 777,1016,1024,1025;
778 p 1 1 100 1 40 10 0;1016-1;p1999984-1 100 778,1016,1024,1025;
779 p 1 1 100 1 40 10 0;1016-1;p2000173-1 100 779,1016,1024,1025;
780 p 1 1 100 1 40 10 0;1016-1;p1999989-1 100 780,1016,1024,1025;
781 p 1 1 100 1 40 10 0;1016-1;p2000050-1 100 781,1016,1024,1025;
782 p 1 1 100 1 40 10 0;1016-1;p1999925-1 100 782,1016,1024,1025;
783 p 1 1 100 1 40 10 0;1016-1;p2000095-1 100 783,1016,1024,1025;
784 p 1 1 100 1 40 10 0;1016-1;p1999844-1 100 784,1016,1024,1025;
785 p 1 1 100 1 40 10 0;1016-1;p1999844-1 100 785,1016,1024,1025;
786 p 1 1 100 1 40 10 0;1016-1;p1999921-1 100 786,1016,1024,1025;
787 p 1 1 100 1 40 10 0;1016-1;p2000100-1 100 787,1016,1024,1025;
788 p 1 1 100 1 40 10 0;1016-1;p1999929-1 100 788,1016,1024,1025;
789 p 1 1 100 1 40 10 0;1016-1;p1999845-1 100 789,1016,1024,1025;
790 p 1 1 100 1 40 10 0;1016-1;p1999832-1 100 790,1016,1024,1025;
791 p 1 1 100 1 40 10 0;1016-1;p2000005-1 100 791,1016,1024,1025;
792 p 1 1 100 1 40 10 0;1016-1;p1999830-1 100 792,1016,1024,1025;
793 p 1 1 100 1 40 10 0;1016-1;p1999831-1 100 793,1016,1024,1025;
794 p 1 1 100 1 40 10 0;1016-1;p1999809-1 100 794,1016,1024,1025;
795 p 1 1 100 1 40 10 0;1016-1;p2000189-1 100 795,1016,1024,1025;
796 p 1 1 100 1 40 10 0;1016-1;p2000048-1 100 796,1016,1024,1025;
797 p 1 1 100 1 40 10 0;1016-1;p1999877-1 100 797,1016,1024,1025;
798 p 1 1 100 1 40 10 0;1016-1;p2000114-1 100 798,1016,1024,1025;
799 p 1 1 100 1 40 10 0;1016-1;p1999975-1 100 799,1016,1024,1025;
800 p 1 1 100 1 40 10 0;1016-1;p1999879-1 100 800,1016,1024,1025;
801 p 1 1 100 1 40 10 0;1017-1;p1999913-1 100 801,1017,1024,1025;
802 p 1 1 100 1 40 10 0;1017-1;p1999933-1 100 802,1017,1024,1025;
803 p 1 1 100 1 40 10 0;1017-1;p1999997-1 100 803,1017,1024,1025;
804 p 1 1 100 1 40 10 0;1017-1;p1999913-1 100 804,1017,1024,1025;
805 p 1 1 100 1 40 10 0;1017-1;p1999986-1 100 805,1017,1024,1025;
806 p 1 1 100 1 40 10 0;1017-1;p2000005-1 100 806,1017,1024,1025;
807 p 1 1 100 1 40 10 0;1017-1;p2000100-1 100 807,1017,1024,1025;
808 p 1 1 100 1 40 10 0;1017-1;p2000099-1 100 808,1017,1024,1025;
809 p 1 1 100 1 40 10 0;1017-1;p1999960-1 100 809,1017,1024,1025;
810 p 1 1 100 1 40 10 0;1017-1;p2000039-1 100 810,1017,1024,1025;
811 p 1 1 100 1 40 10 0;1017-1;p1999949-1 100 811,1017,1024,1025;
812 p 1 1 100 1 40 10 0;1017-1;p2000035-1 100 812,1017,1024,1025;
813 p 1 1 100 1 40 10 0;1017-1;p2000197-1 100 813,1017,1024,1025;
814 p 1 1 100 1 40 10 0;1017-1;p1999984-1 100 814,1017,1024,1025;
815 p 1 1 100 1 40 10 0;1017-1;p1999948-1 100 815,1017,1024,1025;
816 p 1 1 100 1 40 10 0;1017-1;p2000035-1 100 816,1017,1024,1025;
817 p 1 1 100 1 40 10 0;1017-1;p2000116-1 100 817,1017,1024,1025;
818 p 1 1 100 1 40 10 0;1017-1;p1999855-1 100 818,1017,1024,1025;
819 p 1 1 100 1 40 10 0;1017-1;p2000190-1 100 819,1017,1024,1025;
820 p 1 1 100 1 40 10 0;1017-1;p1999803-1 100 820,1017,1024,1025;
821 p 1 1 100 1 40 10 0;1017-1;p2000190-1 100 821,1017,1024,1025;
822 p 1 1 100 1 40 10 0;1017-1;p1999802-1 100 822,1017,1024,1025;
823 p 1 1 100 1 40 10 0;1017-1;p1999908-1 100 823,1017,1024,1025;
824 p 1 1 100 1 40 10 0;1017-1;p2000020-1 100 824,1017,1024,1025;
825 p 1 1 100 1 40 10 0;1017-1;p2000122-1 100 825,1017,1024,1025;
826 p 1 1 100 1 40 10 0;1017-1;p2000098-1 100 826,1017,1024,1025;
827 p 1 1 100 1 40 10 0;1017-1;p1999960-1 100 827,1017,1024,1025;
828 p 1 1 100 1 40 10 0;1017-1;p1999888-1 100 828,1017,1024,1025;
829 p 1 1 100 1 40 10 0;1017-1;p1999996-1 100 829,1017,1024,1025;
830 p 1 1 100 1 40 10 0;1017-1;p2000198-1 100 830,1017,1024,1025;
831 p 1 1 100 1 40 10 0;1017-1;p1999824-1 100 831,1017,1024,1025;
832 p 1 1 100 1 40 10 0;1017-1;p1999884-1 100 832,1017,1024,1025;
833 p 1 1 100 1 40 10 0;1017-1;p2000105-1 100 833,1017,1024,1025;
834 p 1 1 100 1 40 10 0;1017-1;p1999941-1 100 834,1017,1024,1025;
835 p 1 1 100 1 40 10 0;1017-1;p1999878-1 100 835,1017,1024,1025;
836 p 1 1 100 1 40 10 0;1017-1;p1999987-1 100 836,1017,1024,1025;
837 p 1 1 100 1 40 10 0;1017-1;p1999869-1 100 837,1017,1024,1025;
838 p 1 1 100 1 40 10 0;1017-1;p1999951-1 100 838,1017,1024,1025;
839 p 1 1 100 1 40 10 0;1017-1;p1999887-1 100 839,1017,1024,1025;
840 p 1 1 100 1 40 10 0;1017-1;p2000078-1 100 840,1017,1024,1025;
841 p 1 1 100 1 40 10 0;1017-1;p2000011-1 100 841,1017,1024,1025;
842 p 1 1 100 1 40 10 0;1017-1;p2000081-1 100 842,1017,1024,1025;
843 p 1 1 100 1 40 10 0;1017-1;p1999968-1 100 843,1017,1024,1025;
844 p 1 1 100 1 40 10 0;1017-1;p1999998-1 100 844,1017,1024,1025;
845 p 1 1 100 1 40 10 0;1017-1;p2000003-1 100 845,1017,1024,1025;
846 p 1 1 100 1 40 10 0;1017-1;p2000056-1 100 846,1017,1024,1025;
847 p 1 1 100 1 40 10 0;1017-1;p2000119-1 100 847,1017,1024,1025;
848 p 1 1 100 1 40 10 0;1017-1;p2000010-1 100 848,1017,1024,1025;
849 p 1 1 100 1 40 10 0;1017-1;p1999946-1 100 849,1017,1024,1025;
850 p 1 1 100 1 40 10 0;1017-1;p2000150-1 100 850,1017,1024,1025;
851 p 1 1 100 1 40 10 0;1018-1;p2000159-1 100 851,1018,1024,1025;
852 p 1 1 100 1 40 10 0;1018-1;p1999956-1 100 852,1018,1024,1025;
853 p 1 1 100 1 40 10 0;1018-1;p2000156-1 100 853,1018,1024,1025;
854 p 1 1 100 1 40 10 0;1018-1;p2000019-1 100 854,1018,1024,1025;
855 p 1 1 100 1 40 10 0;1018-1;p1999838-1 100 855,1018,1024,1025;
856 p 1 1 100 1 40 10 0;1018-1;p2000058-1 100 856,1018,1024,1025;
857 p 1 1 100 1 40 10 0;1018-1;p1999893-1 100 857,1018,1024,1025;
858 p 1 1 100 1 40 10 0;1018-1;p1999826-1 100 858,1018,1024,1025;
859 p 1 1 100 1 40 10 0;1018-1;p2000197-1 100 859,1018,1024,1025;
860 p 1 1 100 1 40 10 0;1018-1;p2000193-1 100 860,1018,1024,1025;
861 p 1 1 100 1 40 10 0;1018-1;p2000033-1 100 861,1018,1024,1025;
862 p 1 1 100 1 40 10 0;1018-1;p2000064-1 100 862,1018,1024,1025;
863 p 1 1 100 1 40 10 0;1018-1;p1999931-1 100 863,1018,1024,1025;
864 p 1 1 100 1 40 10 0;1018-1;p2000052-1 100 864,1018,1024,1025;
865 p 1 1 100 1 40 10 0;1018-1;p1999852-1 100 865,1018,1024,1025;
866 p 1 1 100 1 40 10 0;1018-1;p1999806-1 100 866,1018,1024,1025;
867 p 1 1 100 1 40 10 0;1018-1;p2000137-1 100 867,1018,1024,1025;
868 p 1 1 100 1 40 10 0;1018-1;p1999853-1 100 868,1018,1024,1025;
869 p 1 1 100 1 40 10 0;1018-1;p1999830-1 100 869,1018,1024,1025;
870 p 1 1 100 1 40 10 0;1018-1;p1999900-1 100 870,1018,1024,1025;
871 p 1 1 100 1 40 10 0;1018-1;p1999950-1 100 871,1018,1024,1025;
872 p 1 1 100 1 40 10 0;1018-1;p1999947-1 100 872,1018,1024,1025;
873 p 1 1 100 1 40 10 0;1018-1;p2000125-1 100 873,1018,1024,1025;
874 p 1 1 100 1 40 10 0;1018-1;p2000196-1 100 874,1018,1024,1025;
875 p 1 1 100 1 40 10 0;1018-1;p2000141-1 100 875,1018,1024,1025;
876 p 1 1 100 1 40 10 0;1018-1;p2000120-1 100 876,1018,1024,1025;
877 p 1 1 100 1 40 10 0;1018-1;p1999961-1 100 877,1018,1024,1025;
878 p 1 1 100 1 40 10 0;1018-1;p2000155-1 100 878,1018,1024,1025;
879 p 1 1 100 1 40 10 0;1018-1;p1999920-1 100 879,1018,1024,1025;
880 p 1 1 100 1 40 10 0;1018-1;p2000021-1 100 880,1018,1024,1025;
881 p 1 1 100 1 40 10 0;1018-1;p1999829-1 100 881,1018,1024,1025;
882 p 1 1 100 1 40 10 0;1018-1;p1999867-1 100 882,1018,1024,1025;
883 p 1 1 100 1 40 10 0;1018-1;p2000127-1 100 883,1018,1024,1025;
884 p 1 1 100 1 40 10 0;1018-1;p1999981-1 100 884,1018,1024,1025;
885 p 1 1 100 1 40 10 0;1018-1;p1999885-1 100 885,1018,1024,1025;
886 p 1 1 100 1 40 10 0;1018-1;p2000137-1 100 886,1018,1024,1025;
887 p 1 1 100 1 40 10 0;1018-1;p1999857-1 100 887,1018,1024,1025;
888 p 1 1 100 1 40 10 0;1018-1;p1999847-1 100 888,1018,1024,1025;
889 p 1 1 100 1 40 10 0;1018-1;p2000143-1 100 889,1018,1024,1025;
890 p 1 1 100 1 40 10 0;1018-1;p1999808-1 100 890,1018,1024,1025;
891 p 1 1 100 1 40 10 0;1018-1;p2000177-1 100 891,1018,1024,1025;
892 p 1 1 100 1 40 10 0;1018-1;p1999882-1 100 892,1018,1024,1025;
893 p 1 1 100 1 40 10 0;1018-1;p2000067-1 100 893,1018,1024,1025;
894 p 1 1 100 1 40 10 0;1018-1;p1999956-1 100 894,1018,1024,1025;
895 p 1 1 100 1 40 10 0;1018-1;p1999805-1 100 895,1018,1024,1025;
896 p 1 1 100 1 40 10 0;1018-1;p1999832-1 100 896,1018,1024,1025;
897 p 1 1 100 1 40 10 0;1018-1;p2000071-1 100 897,1018,1024,1025;
898 p 1 1 100 1 40 10 0;1018-1;p2000074-1 100 898,1018,1024,1025;
899 p 1 1 100 1 40 10 0;1018-1;p2000105-1 100 899,1018,1024,1025;
900 p 1 1 100 1 40 10 0;1018-1;p1999926-1 100 900,1018,1024,1025;
901 p 1 1 100 1 40 10 0;1019-1;p1999928-1 100 901,1019,1024,1025;
902 p 1 1 100 1 40 10 0;1019-1;p2000123-1 100 902,1019,1024,1025;
903 p 1 1 100 1 40 10 0;1019-1;p2000014-1 100 903,1019,1024,1025;
904 p 1 1 100 1 40 10 0;1019-1;p2000041-1 100 904,1019,1024,1025;
905 p 1 1 100 1 40 10 0;1019-1;p2000146-1 100 905,1019,1024,1025;
906 p 1 1 100 1 40 10 0;1019-1;p1999811-1 100 906,1019,1024,1025;
907 p 1 1 100 1 40 10 0;1019-1;p1999812-1 100 907,1019,1024,1025;
908 p 1 1 100 1 40 10 0;1019-1;p1999921-1 100 908,1019,1024,1025;
909 p 1 1 100 1 40 10 0;1019-1;p1999860-1 100 909,1019,1024,1025;
910 p 1 1 100 1 40 10 0;1019-1;p2000154-1 100 910,1019,1024,1025;
911 p 1 1 100 1 40 10 0;1019-1;p1999837-1 100 911,1019,1024,1025;
912 p 1 1 100 1 40 10 0;1019-1;p2000179-1 100 912,1019,1024,1025;
913 p 1 1 100 1 40 10 0;1019-1;p2000146-1 100 913,1019,1024,1025;
914 p 1 1 100 1 40 10 0;1019-1;p1999941-1 100 914,1019,1024,1025;
915 p 1 1 100 1 40 10 0;1019-1;p2000121-1 100 915,1019,1024,1025;
916 p 1 1 100 1 40 10 0;1019-1;p1999893-1 100 916,1019,1024,1025;
917 p 1 1 100 1 40 10 0;1019-1;p2000084-1 100 917,1019,1024,1025;
918 p 1 1 100 1 40 10 0;1019-1;p1999987-1 100 918,1019,1024,1025;
919 p 1 1 100 1 40 10 0;1019-1;p2000155-1 100 919,1019,1024,1025;
920 p 1 1 100 1 40 10 0;1019-1;p2000072-1 100 920,1019,1024,1025;
921 p 1 1 100 1 40 10 0;1019-1;p1999879-1 100 921,1019,1024,1025;
922 p 1 1 100 1 40 10 0;1019-1;p2000032-1 100 922,1019,1024,1025;
923 p 1 1 100 1 40 10 0;1019-1;p1999955-1 100 923,1019,1024,1025;
924 p 1 1 100 1 40 10 0;1019-1;p2000042-1 100 924,1019,1024,1025;
925 p 1 1 100 1 40 10 0;1019-1;p1999914-1 100 925,1019,1024,1025;
926 p 1 1 100 1 40 10 0;1019-1;p1999898-1 100 926,1019,1024,1025;
927 p 1 1 100 1 40 10 0;1019-1;p2000002-1 100 927,1019,1024,1025;
928 p 1 1 100 1 40 10 0;1019-1;p1999812-1 100 928,1019,1024,1025;
929 p 1 1 100 1 40 10 0;1019-1;p1999948-1 100 929,1019,1024,1025;
930 p 1 1 100 1 40 10 0;1019-1;p2000148-1 100 930,1019,1024,1025;
931 p 1 1 100 1 40 10 0;1019-1;p1999982-1 100 931,1019,1024,1025;
932 p 1 1 100 1 40 10 0;1019-1;p2000111-1 100 932,1019,1024,1025;
933 p 1 1 100 1 40 10 0;1019-1;p2000177-1 100 933,1019,1024,1025;
934 p 1 1 100 1 40 10 0;1019-1;p2000181-1 100 934,1019,1024,1025;
935 p 1 1 100 1 40 10 0;1019-1;p1999985-1 100 935,1019,1024,1025;
936 p 1 1 100 1 40 10 0;1019-1;p1999940-1 100 936,1019,1024,1025;
937 p 1 1 100 1 40 10 0;1019-1;p2000195-1 100 937,1019,1024,1025;
938 p 1 1 100 1 40 10 0;1019-1;p1999841-1 100 938,1019,1024,1025;
939 p 1 1 100 1 40 10 0;1019-1;p2000104-1 100 939,1019,1024,1025;
940 p 1 1 100 1 40 10 0;1019-1;p2000036-1 100 940,1019,1024,1025;
941 p 1 1 100 1 40 10 0;1019-1;p1999815-1 100 941,1019,1024,1025;
942 p 1 1 100 1 40 10 0;1019-1;p1999966-1 100 942,1019,1024,1025;
943 p 1 1 100 1 40 10 0;1019-1;p2000067-1 100 943,1019,1024,1025;
944 p 1 1 100 1 40 10 0;1019-1;p1999988-1 100 944,1019,1024,1025;
945 p 1 1 100 1 40 10 0;1019-1;p2000070-1 100 945,1019,1024,1025;
946 p 1 1 100 1 40 10 0;1019-1;p1999984-1 100 946,1019,1024,1025;
947 p 1 1 100 1 40 10 0;1019-1;p2000145-1 100 947,1019,1024,1025;
948 p 1 1 100 1 40 10 0;1019-1;p1999989-1 100 948,1019,1024,1025;
949 p 1 1 100 1 40 10 0;1019-1;p2000060-1 100 949,1019,1024,1025;
950 p 1 1 100 1 40 10 0;1019-1;p1999968-1 100 950,1019,1024,1025;
951 p 1 1 100 1 40 10 0;1020-1;p1999852-1 100 951,1020,1024,1025;
952 p 1 1 100 1 40 10 0;1020-1;p2000184-1 100 952,1020,1024,1025;
953 p 1 1 100 1 40 10 0;1020-1;p2000041-1 100 953,1020,1024,1025;
954 p 1 1 100 1 40 10 0;1020-1;p1999993-1 100 954,1020,1024,1025;
955 p 1 1 100 1 40 10 0;1020-1;p1999996-1 100 955,1020,1024,1025;
956 p 1 1 100 1 40 10 0;1020-1;p1999900-1 100 956,1020,1024,1025;
957 p 1 1 100 1 40 10 0;1020-1;p1999961-1 100 957,1020,1024,1025;
958 p 1 1 100 1 40 10 0;1020-1;p1999869-1 100 958,1020,1024,1025;
959 p 1 1 100 1 40 10 0;1020-1;p2000031-1 100 959,1020,1024,1025;
960 p 1 1 100 1 40 10 0;1020-1;p2000080-1 100 960,1020,1024,1025;
961 p 1 1 100 1 40 10 0;1020-1;p1999857-1 100 961,1020,1024,1025;
962 p 1 1 100 1 40 10 0;1020-1;p1999889-1 100 962,1020,1024,1025;
963 p 1 1 100 1 40 10 0;1020-1;p2000004-1 100 963,1020,1024,1025;
964 p 1 1 100 1 40 10 0;1020-1;p2000060-1 100 964,1020,1024,1025;
965 p 1 1 100 1 40 10 0;1020-1;p1999905-1 100 965,1020,1024,1025;
966 p 1 1 100 1 40 10 0;1020-1;p1999808-1 100 966,1020,1024,1025;
967 p 1 1 100 1 40 10 0;1020-1;p2000118-1 100 967,1020,1024,1025;
968 p 1 1 100 1 40 10 0;1020-1;p2000072-1 100 968,1020,1024,1025;
969 p 1 1 100 1 40 10 0;1020-1;p2000130-1 100 969,1020,1024,1025;
970 p 1 1 100 1 40 10 0;1020-1;p2000170-1 100 970,1020,1024,1025;
971 p 1 1 100 1 40 10 0;1020-1;p2000087-1 100 971,1020,1024,1025;
972 p 1 1 100 1 40 10 0;1020-1;p2000019-1 100 972,1020,1024,1025;
973 p 1 1 100 1 40 10 0;1020-1;p1999868-1 100 973,1020,1024,1025;
974 p 1 1 100 1 40 10 0;1020-1;p2000150-1 100 974,1020,1024,1025;
975 p 1 1 100 1 40 10 0;1020-1;p1999949-1 100 975,1020,1024,1025;
976 p 1 1 100 1 40 10 0;1020-1;p1999896-1 100 976,1020,1024,1025;
977 p 1 1 100 1 40 10 0;1020-1;p1999864-1 100 977,1020,1024,1025;
978 p 1 1 100 1 40 10 0;1020-1;p2000162-1 100 978,1020,1024,1025;
979 p 1 1 100 1 40 10 0;1020-1;p2000097-1 100 979,1020,1024,1025;
980 p 1 1 100 1 40 10 0;1020-1;p1999957-1 100 980,1020,1024,1025;
981 p 1 1 100 1 40 10 0;1020-1;p2000164-1 100 981,1020,1024,1025;
982 p 1 1 100 1 40 10 0;1020-1;p2000161-1 100 982,1020,1024,1025;
983 p 1 1 100 1 40 10 0;1020-1;p1999985-1 100 983,1020,1024,1025;
984 p 1 1 100 1 40 10 0;1020-1;p2000132-1 100 984,1020,1024,1025;
985 p 1 1 100 1 40 10 0;1020-1;p1999923-1 100 985,1020,1024,1025;
986 p 1 1 100 1 40 10 0;1020-1;p1999826-1 100 986,1020,1024,1025;
987 p 1 1 100 1 40 10 0;1020-1;p2000054-1 100 987,1020,1024,1025;
988 p 1 1 100 1 40 10 0;1020-1;p2000188-1 100 988,1020,1024,1025;
989 p 1 1 100 1 40 10 0;1020-1;p2000084-1 100 989,1020,1024,1025;
990 p 1 1 100 1 40 10 0;1020-1;p2000007-1 100 990,1020,1024,1025;
991 p 1 1 100 1 40 10 0;1020-1;p1999901-1 100 991,1020,1024,1025;
992 p 1 1 100 1 40 10 0;1020-1;p2000012-1 100 992,1020,1024,1025;
993 p 1 1 100 1 40 10 0;1020-1;p2000060-1 100 993,1020,1024,1025;
994 p 1 1 100 1 40 10 0;1020-1;p2000148-1 100 994,1020,1024,1025;
995 p 1 1 100 1 40 10 0;1020-1;p2000010-1 100 995,1020,1024,1025;
996 p 1 1 100 1 40 10 0;1020-1;p1999879-1 100 996,1020,1024,1025;
997 p 1 1 100 1 40 10 0;1020-1;p1999917-1 100 997,1020,1024,1025;
998 p 1 1 100 1 40 10 0;1020-1;p1999847-1 100 998,1020,1024,1025;
999 p 1 1 100 1 40 10 0;1020-1;p1999830-1 100 999,1020,1024,1025;
1000 p 1 1 100 1 40 10 0;1020-1;p2000183-1 100 1000,1020,1024,1025;
1001 c 1000 1 100 1000 1000 200 0;1-1,2-1,3-1,4-1,5-1,6-1,7-1,8-1,9-1,10-1,11-1,12-1,13-1,14-1,15-1,16-1,17-1,18-1,19-1,20-1,21-1,22-1,23-1,24-1,25-1,26-1,27-1,28-1,29-1,30-1,31-1,32-1,33-1,34-1,35-1,36-1,37-1,38-1,39-1,40-1,41-1,42-1,43-1,44-1,45-1,46-1,47-1,48-1,49-1,50-1,1021-2;
1002 c 1000 1 100 1000 1000 200 0;51-1,52-1,53-1,54-1,55-1,56-1,57-1,58-1,59-1,60-1,61-1,62-1,63-1,64-1,65-1,66-1,67-1,68-1,69-1,70-1,71-1,72-1,73-1,74-1,75-1,76-1,77-1,78-1,79-1,80-1,81-1,82-1,83-1,84-1,85-1,86-1,87-1,88-1,89-1,90-1,91-1,92-1,93-1,94-1,95-1,96-1,97-1,98-1,99-1,100-1,1021-2;
1003 c 1000 1 100 1000 1000 200 0;101-1,102-1,103-1,104-1,105-1,106-1,107-1,108-1,109-1,110-1,111-1,112-1,113-1,114-1,115-1,116-1,117-1,118-1,119-1,120-1,121-1,122-1,123-1,124-1,125-1,126-1,127-1,128-1,129-1,130-1,131-1,132-1,133-1,134-1,135-1,136-1,137-1,138-1,139-1,140-1,141-1,142-1,143-1,144-1,145-1,146-1,147-1,148-1,149-1,150-1,1021-2;
1004 c 1000 1 100 1000 1000 200 0;151-1,152-1,153-1,154-1,155-1,156-1,157-1,158-1,159-1,160-1,161-1,162-1,163-1,164-1,165-1,166-1,167-1,168-1,169-1,170-1,171-1,172-1,173-1,174-1,175-1,176-1,177-1,178-1,179-1,180-1,181-1,182-1,183-1,184-1,185-1,186-1,187-1,188-1,189-1,190-1,191-1,192-1,193-1,194-1,195-1,196-1,197-1,198-1,199-1,200-1,1021-2;
1005 c 1000 1 100 1000 1000 200 0;201-1,202-1,203-1,204-1,205-1,206-1,207-1,208-1,209-1,210-1,211-1,212-1,213-1,214-1,215-1,216-1,217-1,218-1,219-1,220-1,221-1,222-1,223-1,224-1,225-1,226-1,227-1,228-1,229-1,230-1,231-1,232-1,233-1,234-1,235-1,236-1,237-1,238-1,239-1,240-1,241-1,242-1,243-1,244-1,245-1,246-1,247-1,248-1,249-1,250-1,1021-2;
1006 c 1000 1 100 1000 1000 200 0;251-1,252-1,253-1,254-1,255-1,256-1,257-1,258-1,259-1,260-1,261-1,262-1,263-1,264-1,265-1,266-1,267-1,268-1,269-1,270-1,271-1,272-1,273-1,274-1,275-1,276-1,277-1,278-1,279-1,280-1,281-1,282-1,283-1,284-1,285-1,286-1,287-1,288-1,289-1,290-1,291-1,292-1,293-1,294-1,295-1,296-1,297-1,298-1,299-1,300-1,1022-2;
1007 c 1000 1 100 1000 1000 200 0;301-1,302-1,303-1,304-1,305-1,306-1,307-1,308-1,309-1,310-1,311-1,312-1,313-1,314-1,315-1,316-1,317-1,318-1,319-1,320-1,321-1,322-1,323-1,324-1,325-1,326-1,327-1,328-1,329-1,330-1,331-1,332-1,333-1,334-1,335-1,336-1,337-1,338-1,339-1,340-1,341-1,342-1,343-1,344-1,345-1,346-1,347-1,348-1,349-1,350-1,1022-2;
1008 c 1000 1 100 1000 1000 200 0;351-1,352-1,353-1,354-1,355-1,356-1,357-1,358-1,359-1,360-1,361-1,362-1,363-1,364-1,365-1,366-1,367-1,368-1,369-1,370-1,371-1,372-1,373-1,374-1,375-1,376-1,377-1,378-1,379-1,380-1,381-1,382-1,383-1,384-1,385-1,386-1,387-1,388-1,389-1,390-1,391-1,392-1,393-1,394-1,395-1,396-1,397-1,398-1,399-1,400-1,1022-2;
1009 c 1000 1 100 1000 1000 200 0;401-1,402-1,403-1,404-1,405-1,406-1,407-1,408-1,409-1,410-1,411-1,412-1,413-1,414-1,415-1,416-1,417-1,418-1,419-1,420-1,421-1,422-1,423-1,424-1,425-1,426-1,427-1,428-1,429-1,430-1,431-1,432-1,433-1,434-1,435-1,436-1,437-1,438-1,439-1,440-1,441-1,442-1,443-1,444-1,445-1,446-1,447-1,448-1,449-1,450-1,1022-2;
1010 c 1000 1 100 1000 1000 200 0;451-1,452-1,453-1,454-1,455-1,456-1,457-1,458-1,459-1,460-1,461-1,462-1,463-1,464-1,465-1,466-1,467-1,468-1,469-1,470-1,471-1,472-1,473-1,474-1,475-1,476-1,477-1,478-1,479-1,480-1,481-1,482-1,483-1,484-1,485-1,486-1,487-1,488-1,489-1,490-1,491-1,492-1,493-1,494-1,495-1,496-1,497-1,498-1,499-1,500-1,1022-2;
1011 c 1000 1 100 1000 1000 200 0;501-1,502-1,503-1,504-1,505-1,506-1,507-1,508-1,509-1,510-1,511-1,512-1,513-1,514-1,515-1,516-1,517-1,518-1,519-1,520-1,521-1,522-1,523-1,524-1,525-1,526-1,527-1,528-1,529-1,530-1,531-1,532-1,533-1,534-1,535-1,536-1,537-1,538-1,539-1,540-1,541-1,542-1,543-1,544-1,545-1,546-1,547-1,548-1,549-1,550-1,1023-2;
1012 c 1000 1 100 1000 1000 200 0;551-1,552-1,553-1,554-1,555-1,556-1,557-1,558-1,559-1,560-1,561-1,562-1,563-1,564-1,565-1,566-1,567-1,568-1,569-1,570-1,571-1,572-1,573-1,574-1,575-1,576-1,577-1,578-1,579-1,580-1,581-1,582-1,583-1,584-1,585-1,586-1,587-1,588-1,589-1,590-1,591-1,592-1,593-1,594-1,595-1,596-1,597-1,598-1,599-1,600-1,1023-2;
1013 c 1000 1 100 1000 1000 200 0;601-1,602-1,603-1,604-1,605-1,606-1,607-1,608-1,609-1,610-1,611-1,612-1,613-1,614-1,615-1,616-1,617-1,618-1,619-1,620-1,621-1,622-1,623-1,624-1,625-1,626-1,627-1,628-1,629-1,630-1,631-1,632-1,633-1,634-1,635-1,636-1,637-1,638-1,639-1,640-1,641-1,642-1,643-1,644-1,645-1,646-1,647-1,648-1,649-1,650-1,1023-2;
1014 c 1000 1 100 1000 1000 200 0;651-1,652-1,653-1,654-1,655-1,656-1,657-1,658-1,659-1,660-1,661-1,662-1,663-1,664-1,665-1,666-1,667-1,668-1,669-1,670-1,671-1,672-1,673-1,674-1,675-1,676-1,677-1,678-1,679-1,680-1,681-1,682-1,683-1,684-1,685-1,686-1,687-1,688-1,689-1,690-1,691-1,692-1,693-1,694-1,695-1,696-1,697-1,698-1,699-1,700-1,1023-2;
1015 c 1000 1 100 1000 1000 200 0;701-1,702-1,703-1,704-1,705-1,706-1,707-1,708-1,709-1,710-1,711-1,712-1,713-1,714-1,715-1,716-1,717-1,718-1,719-1,720-1,721-1,722-1,723-1,724-1,725-1,726-1,727-1,728-1,729-1,730-1,731-1,732-1,733-1,734-1,735-1,736-1,737-1,738-1,739-1,740-1,741-1,742-1,743-1,744-1,745-1,746-1,747-1,748-1,749-1,750-1,1023-2;
1016 c 1000 1 100 1000 1000 200 0;751-1,752-1,753-1,754-1,755-1,756-1,757-1,758-1,759-1,760-1,761-1,762-1,763-1,764-1,765-1,766-1,767-1,768-1,769-1,770-1,771-1,772-1,773-1,774-1,775-1,776-1,777-1,778-1,779-1,780-1,781-1,782-1,783-1,784-1,785-1,786-1,787-1,788-1,789-1,790-1,791-1,792-1,793-1,794-1,795-1,796-1,797-1,798-1,799-1,800-1,1024-2;
1017 c 1000 1 100 1000 1000 200 0;801-1,802-1,803-1,804-1,805-1,806-1,807-1,808-1,809-1,810-1,811-1,812-1,813-1,814-1,815-1,816-1,817-1,818-1,819-1,820-1,821-1,822-1,823-1,824-1,825-1,826-1,827-1,828-1,829-1,830-1,831-1,832-1,833-1,834-1,835-1,836-1,837-1,838-1,839-1,840-1,841-1,842-1,843-1,844-1,845-1,846-1,847-1,848-1,849-1,850-1,1024-2;
1018 c 1000 1 100 1000 1000 200 0;851-1,852-1,853-1,854-1,855-1,856-1,857-1,858-1,859-1,860-1,861-1,862-1,863-1,864-1,865-1,866-1,867-1,868-1,869-1,870-1,871-1,872-1,873-1,874-1,875-1,876-1,877-1,878-1,879-1,880-1,881-1,882-1,883-1,884-1,885-1,886-1,887-1,888-1,889-1,890-1,891-1,892-1,893-1,894-1,895-1,896-1,897-1,898-1,899-1,900-1,1024-2;
1019 c 1000 1 100 1000 1000 200 0;901-1,902-1,903-1,904-1,905-1,906-1,907-1,908-1,909-1,910-1,911-1,912-1,913-1,914-1,915-1,916-1,917-1,918-1,919-1,920-1,921-1,922-1,923-1,924-1,925-1,926-1,927-1,928-1,929-1,930-1,931-1,932-1,933-1,934-1,935-1,936-1,937-1,938-1,939-1,940-1,941-1,942-1,943-1,944-1,945-1,946-1,947-1,948-1,949-1,950-1,1024-2;
1020 c 1000 1 100 1000 1000 200 0;951-1,952-1,953-1,954-1,955-1,956-1,957-1,958-1,959-1,960-1,961-1,962-1,963-1,964-1,965-1,966-1,967-1,968-1,969-1,970-1,971-1,972-1,973-1,974-1,975-1,976-1,977-1,978-1,979-1,980-1,981-1,982-1,983-1,984-1,985-1,986-1,987-1,988-1,989-1,990-1,991-1,992-1,993-1,994-1,995-1,996-1,997-1,998-1,999-1,1000-1,1024-2;
1021 c 10000 1 100 10000 8000 1200 0;1001-2,1002-2,1003-2,1004-2,1005-2,1025-3;
1022 c 10000 1 100 10000 8000 1200 0;1006-2,1007-2,1008-2,1009-2,1010-2,1025-3;
1023 c 10000 1 100 10000 8000 1200 0;1011-2,1012-2,1013-2,1014-2,1015-2,1025-3;
1024 c 10000 1 100 10000 8000 1200 0;1016-2,1017-2,1018-2,1019-2,1020-2,1025-3;
1025 c 1000000 1 100 1000000 10000 3000 0;1021-3,1022-3,1023-3,1024-3;
0 0
