1 p 1 1 100 1 40 10 0;101-1;p2000109-1 1000 1,101,121,125;
2 p 1 1 100 1 40 10 0;101-1;p2000109-1 1000 2,101,121,125;
3 p 1 1 100 1 40 10 0;101-1;p2000109-1 1000 3,101,121,125;
4 p 1 1 100 1 40 10 0;101-1;p2000109-1 1000 4,101,121,125;
5 p 1 1 100 1 40 10 0;101-1;p2000109-1 1000 5,101,121,125;
6 p 1 1 100 1 40 10 0;102-1;p2000091-1 1000 6,102,121,125;
7 p 1 1 100 1 40 10 0;102-1;p2000151-1 1000 7,102,121,125;
8 p 1 1 100 1 40 10 0;102-1;p1999807-1 1000 8,102,121,125;
9 p 1 1 100 1 40 10 0;102-1;p1999894-1 1000 9,102,121,125;
10 p 1 1 100 1 40 10 0;102-1;p2000163-1 1000 10,102,121,125;
11 p 1 1 100 1 40 10 0;103-1;p2000051-1 1000 11,103,121,125;
12 p 1 1 100 1 40 10 0;103-1;p2000199-1 1000 12,103,121,125;
13 p 1 1 100 1 40 10 0;103-1;p2000048-1 1000 13,103,121,125;
14 p 1 1 100 1 40 10 0;103-1;p2000074-1 1000 14,103,121,125;
15 p 1 1 100 1 40 10 0;103-1;p2000003-1 1000 15,103,121,125;
16 p 1 1 100 1 40 10 0;104-1;p2000172-1 1000 16,104,121,125;
17 p 1 1 100 1 40 10 0;104-1;p1999987-1 1000 17,104,121,125;
18 p 1 1 100 1 40 10 0;104-1;p1999988-1 1000 18,104,121,125;
19 p 1 1 100 1 40 10 0;104-1;p1999828-1 1000 19,104,121,125;
20 p 1 1 100 1 40 10 0;104-1;p2000085-1 1000 20,104,121,125;
21 p 1 1 100 1 40 10 0;105-1;p1999967-1 1000 21,105,121,125;
22 p 1 1 100 1 40 10 0;105-1;p1999931-1 1000 22,105,121,125;
23 p 1 1 100 1 40 10 0;105-1;p2000198-1 1000 23,105,121,125;
24 p 1 1 100 1 40 10 0;105-1;p2000111-1 1000 24,105,121,125;
25 p 1 1 100 1 40 10 0;105-1;p1999975-1 1000 25,105,121,125;
26 p 1 1 100 1 40 10 0;106-1;p2000124-1 1000 26,106,122,125;
27 p 1 1 100 1 40 10 0;106-1;p2000148-1 1000 27,106,122,125;
28 p 1 1 100 1 40 10 0;106-1;p1999926-1 1000 28,106,122,125;
29 p 1 1 100 1 40 10 0;106-1;p1999830-1 1000 29,106,122,125;
30 p 1 1 100 1 40 10 0;106-1;p1999837-1 1000 30,106,122,125;
31 p 1 1 100 1 40 10 0;107-1;p1999838-1 1000 31,107,122,125;
32 p 1 1 100 1 40 10 0;107-1;p2000159-1 1000 32,107,122,125;
33 p 1 1 100 1 40 10 0;107-1;p1999861-1 1000 33,107,122,125;
34 p 1 1 100 1 40 10 0;107-1;p2000102-1 1000 34,107,122,125;
35 p 1 1 100 1 40 10 0;107-1;p2000162-1 1000 35,107,122,125;
36 p 1 1 100 1 40 10 0;108-1;p2000094-1 1000 36,108,122,125;
37 p 1 1 100 1 40 10 0;108-1;p2000168-1 1000 37,108,122,125;
38 p 1 1 100 1 40 10 0;108-1;p1999813-1 1000 38,108,122,125;
39 p 1 1 100 1 40 10 0;108-1;p1999969-1 1000 39,108,122,125;
40 p 1 1 100 1 40 10 0;108-1;p2000184-1 1000 40,108,122,125;
41 p 1 1 100 1 40 10 0;109-1;p2000141-1 1000 41,109,122,125;
42 p 1 1 100 1 40 10 0;109-1;p1999830-1 1000 42,109,122,125;
43 p 1 1 100 1 40 10 0;109-1;p2000074-1 1000 43,109,122,125;
44 p 1 1 100 1 40 10 0;109-1;p1999940-1 1000 44,109,122,125;
45 p 1 1 100 1 40 10 0;109-1;p2000079-1 1000 45,109,122,125;
46 p 1 1 100 1 40 10 0;110-1;p2000195-1 1000 46,110,122,125;
47 p 1 1 100 1 40 10 0;110-1;p2000148-1 1000 47,110,122,125;
48 p 1 1 100 1 40 10 0;110-1;p1999910-1 1000 48,110,122,125;
49 p 1 1 100 1 40 10 0;110-1;p1999987-1 1000 49,110,122,125;
50 p 1 1 100 1 40 10 0;110-1;p2000153-1 1000 50,110,122,125;
51 p 1 1 100 1 40 10 0;111-1;p1999822-1 1000 51,111,123,125;
52 p 1 1 100 1 40 10 0;111-1;p2000178-1 1000 52,111,123,125;
53 p 1 1 100 1 40 10 0;111-1;p1999825-1 1000 53,111,123,125;
54 p 1 1 100 1 40 10 0;111-1;p2000024-1 1000 54,111,123,125;
55 p 1 1 100 1 40 10 0;111-1;p2000123-1 1000 55,111,123,125;
56 p 1 1 100 1 40 10 0;112-1;p1999878-1 1000 56,112,123,125;
57 p 1 1 100 1 40 10 0;112-1;p1999837-1 1000 57,112,123,125;
58 p 1 1 100 1 40 10 0;112-1;p2000191-1 1000 58,112,123,125;
59 p 1 1 100 1 40 10 0;112-1;p1999852-1 1000 59,112,123,125;
60 p 1 1 100 1 40 10 0;112-1;p1999949-1 1000 60,112,123,125;
61 p 1 1 100 1 40 10 0;113-1;p2000051-1 1000 61,113,123,125;
62 p 1 1 100 1 40 10 0;113-1;p2000132-1 1000 62,113,123,125;
63 p 1 1 100 1 40 10 0;113-1;p2000104-1 1000 63,113,123,125;
64 p 1 1 100 1 40 10 0;113-1;p2000104-1 1000 64,113,123,125;
65 p 1 1 100 1 40 10 0;113-1;p2000134-1 1000 65,113,123,125;
66 p 1 1 100 1 40 10 0;114-1;p2000170-1 1000 66,114,123,125;
67 p 1 1 100 1 40 10 0;114-1;p2000098-1 1000 67,114,123,125;
68 p 1 1 100 1 40 10 0;114-1;p2000104-1 1000 68,114,123,125;
69 p 1 1 100 1 40 10 0;114-1;p1999958-1 1000 69,114,123,125;
70 p 1 1 100 1 40 10 0;114-1;p1999971-1 1000 70,114,123,125;
71 p 1 1 100 1 40 10 0;115-1;p2000191-1 1000 71,115,123,125;
72 p 1 1 100 1 40 10 0;115-1;p1999882-1 1000 72,115,123,125;
73 p 1 1 100 1 40 10 0;115-1;p2000089-1 1000 73,115,123,125;
74 p 1 1 100 1 40 10 0;115-1;p1999953-1 1000 74,115,123,125;
75 p 1 1 100 1 40 10 0;115-1;p2000042-1 1000 75,115,123,125;
76 p 1 1 100 1 40 10 0;116-1;p1999891-1 1000 76,116,124,125;
77 p 1 1 100 1 40 10 0;116-1;p1999885-1 1000 77,116,124,125;
78 p 1 1 100 1 40 10 0;116-1;p1999907-1 1000 78,116,124,125;
79 p 1 1 100 1 40 10 0;116-1;p1999956-1 1000 79,116,124,125;
80 p 1 1 100 1 40 10 0;116-1;p2000166-1 1000 80,116,124,125;
81 p 1 1 100 1 40 10 0;117-1;p1999974-1 1000 81,117,124,125;
82 p 1 1 100 1 40 10 0;117-1;p1999946-1 1000 82,117,124,125;
83 p 1 1 100 1 40 10 0;117-1;p2000165-1 1000 83,117,124,125;
84 p 1 1 100 1 40 10 0;117-1;p1999946-1 1000 84,117,124,125;
85 p 1 1 100 1 40 10 0;117-1;p1999819-1 1000 85,117,124,125;
86 p 1 1 100 1 40 10 0;118-1;p1999923-1 1000 86,118,124,125;
87 p 1 1 100 1 40 10 0;118-1;p2000155-1 1000 87,118,124,125;
88 p 1 1 100 1 40 10 0;118-1;p1999846-1 1000 88,118,124,125;
89 p 1 1 100 1 40 10 0;118-1;p1999973-1 1000 89,118,124,125;
90 p 1 1 100 1 40 10 0;118-1;p2000135-1 1000 90,118,124,125;
91 p 1 1 100 1 40 10 0;119-1;p2000111-1 1000 91,119,124,125;
92 p 1 1 100 1 40 10 0;119-1;p1999854-1 1000 92,119,124,125;
93 p 1 1 100 1 40 10 0;119-1;p2000126-1 1000 93,119,124,125;
94 p 1 1 100 1 40 10 0;119-1;p1999814-1 1000 94,119,124,125;
95 p 1 1 100 1 40 10 0;119-1;p2000127-1 1000 95,119,124,125;
96 p 1 1 100 1 40 10 0;120-1;p1999942-1 1000 96,120,124,125;
97 p 1 1 100 1 40 10 0;120-1;p2000075-1 1000 97,120,124,125;
98 p 1 1 100 1 40 10 0;120-1;p2000055-1 1000 98,120,124,125;
99 p 1 1 100 1 40 10 0;120-1;p2000087-1 1000 99,120,124,125;
100 p 1 1 100 1 40 10 0;120-1;p2000059-1 1000 100,120,124,125;
101 c 1000 1 100 1000 1000 200 5;1-1,2-1,3-1,4-1,5-1,126-1,127-1,128-1,129-1,130-1,131-1,132-1,133-1,134-1,135-1,136-1,137-1,138-1,139-1,140-1,141-1,142-1,143-1,144-1,145-1,121-2;
102 c 1000 1 100 1000 1000 200 5;6-1,7-1,8-1,9-1,10-1,146-1,147-1,148-1,149-1,150-1,151-1,152-1,153-1,154-1,155-1,156-1,157-1,158-1,159-1,160-1,161-1,162-1,163-1,164-1,165-1,121-2;
103 c 1000 1 100 1000 1000 200 5;11-1,12-1,13-1,14-1,15-1,166-1,167-1,168-1,169-1,170-1,171-1,172-1,173-1,174-1,175-1,176-1,177-1,178-1,179-1,180-1,181-1,182-1,183-1,184-1,185-1,121-2;
104 c 1000 1 100 1000 1000 200 5;16-1,17-1,18-1,19-1,20-1,186-1,187-1,188-1,189-1,190-1,191-1,192-1,193-1,194-1,195-1,196-1,197-1,198-1,199-1,200-1,201-1,202-1,203-1,204-1,205-1,121-2;
105 c 1000 1 100 1000 1000 200 5;21-1,22-1,23-1,24-1,25-1,206-1,207-1,208-1,209-1,210-1,211-1,212-1,213-1,214-1,215-1,216-1,217-1,218-1,219-1,220-1,221-1,222-1,223-1,224-1,225-1,121-2;
106 c 1000 1 100 1000 1000 200 5;26-1,27-1,28-1,29-1,30-1,226-1,227-1,228-1,229-1,230-1,231-1,232-1,233-1,234-1,235-1,236-1,237-1,238-1,239-1,240-1,241-1,242-1,243-1,244-1,245-1,122-2;
107 c 1000 1 100 1000 1000 200 5;31-1,32-1,33-1,34-1,35-1,246-1,247-1,248-1,249-1,250-1,251-1,252-1,253-1,254-1,255-1,256-1,257-1,258-1,259-1,260-1,261-1,262-1,263-1,264-1,265-1,122-2;
108 c 1000 1 100 1000 1000 200 5;36-1,37-1,38-1,39-1,40-1,266-1,267-1,268-1,269-1,270-1,271-1,272-1,273-1,274-1,275-1,276-1,277-1,278-1,279-1,280-1,281-1,282-1,283-1,284-1,285-1,122-2;
109 c 1000 1 100 1000 1000 200 5;41-1,42-1,43-1,44-1,45-1,286-1,287-1,288-1,289-1,290-1,291-1,292-1,293-1,294-1,295-1,296-1,297-1,298-1,299-1,300-1,301-1,302-1,303-1,304-1,305-1,122-2;
110 c 1000 1 100 1000 1000 200 5;46-1,47-1,48-1,49-1,50-1,306-1,307-1,308-1,309-1,310-1,311-1,312-1,313-1,314-1,315-1,316-1,317-1,318-1,319-1,320-1,321-1,322-1,323-1,324-1,325-1,122-2;
111 c 1000 1 100 1000 1000 200 5;51-1,52-1,53-1,54-1,55-1,326-1,327-1,328-1,329-1,330-1,331-1,332-1,333-1,334-1,335-1,336-1,337-1,338-1,339-1,340-1,341-1,342-1,343-1,344-1,345-1,123-2;
112 c 1000 1 100 1000 1000 200 5;56-1,57-1,58-1,59-1,60-1,346-1,347-1,348-1,349-1,350-1,351-1,352-1,353-1,354-1,355-1,356-1,357-1,358-1,359-1,360-1,361-1,362-1,363-1,364-1,365-1,123-2;
113 c 1000 1 100 1000 1000 200 5;61-1,62-1,63-1,64-1,65-1,366-1,367-1,368-1,369-1,370-1,371-1,372-1,373-1,374-1,375-1,376-1,377-1,378-1,379-1,380-1,381-1,382-1,383-1,384-1,385-1,123-2;
114 c 1000 1 100 1000 1000 200 5;66-1,67-1,68-1,69-1,70-1,386-1,387-1,388-1,389-1,390-1,391-1,392-1,393-1,394-1,395-1,396-1,397-1,398-1,399-1,400-1,401-1,402-1,403-1,404-1,405-1,123-2;
115 c 1000 1 100 1000 1000 200 5;71-1,72-1,73-1,74-1,75-1,406-1,407-1,408-1,409-1,410-1,411-1,412-1,413-1,414-1,415-1,416-1,417-1,418-1,419-1,420-1,421-1,422-1,423-1,424-1,425-1,123-2;
116 c 1000 1 100 1000 1000 200 5;76-1,77-1,78-1,79-1,80-1,426-1,427-1,428-1,429-1,430-1,431-1,432-1,433-1,434-1,435-1,436-1,437-1,438-1,439-1,440-1,441-1,442-1,443-1,444-1,445-1,124-2;
117 c 1000 1 100 1000 1000 200 5;81-1,82-1,83-1,84-1,85-1,446-1,447-1,448-1,449-1,450-1,451-1,452-1,453-1,454-1,455-1,456-1,457-1,458-1,459-1,460-1,461-1,462-1,463-1,464-1,465-1,124-2;
118 c 1000 1 100 1000 1000 200 5;86-1,87-1,88-1,89-1,90-1,466-1,467-1,468-1,469-1,470-1,471-1,472-1,473-1,474-1,475-1,476-1,477-1,478-1,479-1,480-1,481-1,482-1,483-1,484-1,485-1,124-2;
119 c 1000 1 100 1000 1000 200 5;91-1,92-1,93-1,94-1,95-1,486-1,487-1,488-1,489-1,490-1,491-1,492-1,493-1,494-1,495-1,496-1,497-1,498-1,499-1,500-1,501-1,502-1,503-1,504-1,505-1,124-2;
120 c 1000 1 100 1000 1000 200 5;96-1,97-1,98-1,99-1,100-1,506-1,507-1,508-1,509-1,510-1,511-1,512-1,513-1,514-1,515-1,516-1,517-1,518-1,519-1,520-1,521-1,522-1,523-1,524-1,525-1,124-2;
121 c 10000 1 100 10000 8000 1200 0;101-2,102-2,103-2,104-2,105-2,125-3;
122 c 10000 1 100 10000 8000 1200 0;106-2,107-2,108-2,109-2,110-2,125-3;
123 c 10000 1 100 10000 8000 1200 0;111-2,112-2,113-2,114-2,115-2,125-3;
124 c 10000 1 100 10000 8000 1200 0;116-2,117-2,118-2,119-2,120-2,125-3;
125 c 1000000 1 100 1000000 100000 3000 0;121-3,122-3,123-3,124-3;
126 p 1 1 100 1 40 10 0;101-1;p1999846-1 1000 126,101,121,125;
127 p 1 1 100 1 40 10 0;101-1;p2000147-1 1000 127,101,121,125;
128 p 1 1 100 1 40 10 0;101-1;p2000194-1 1000 128,101,121,125;
129 p 1 1 100 1 40 10 0;101-1;p1999861-1 1000 129,101,121,125;
130 p 1 1 100 1 40 10 0;101-1;p1999940-1 1000 130,101,121,125;
131 p 1 1 100 1 40 10 0;101-1;p1999974-1 1000 131,101,121,125;
132 p 1 1 100 1 40 10 0;101-1;p2000197-1 1000 132,101,121,125;
133 p 1 1 100 1 40 10 0;101-1;p1999962-1 1000 133,101,121,125;
134 p 1 1 100 1 40 10 0;101-1;p2000140-1 1000 134,101,121,125;
135 p 1 1 100 1 40 10 0;101-1;p1999867-1 1000 135,101,121,125;
136 p 1 1 100 1 40 10 0;101-1;p2000187-1 1000 136,101,121,125;
137 p 1 1 100 1 40 10 0;101-1;p2000086-1 1000 137,101,121,125;
138 p 1 1 100 1 40 10 0;101-1;p2000060-1 1000 138,101,121,125;
139 p 1 1 100 1 40 10 0;101-1;p1999811-1 1000 139,101,121,125;
140 p 1 1 100 1 40 10 0;101-1;p2000183-1 1000 140,101,121,125;
141 p 1 1 100 1 40 10 0;101-1;p1999813-1 1000 141,101,121,125;
142 p 1 1 100 1 40 10 0;101-1;p2000082-1 1000 142,101,121,125;
143 p 1 1 100 1 40 10 0;101-1;p1999823-1 1000 143,101,121,125;
144 p 1 1 100 1 40 10 0;101-1;p1999818-1 1000 144,101,121,125;
145 p 1 1 100 1 40 10 0;101-1;p2000180-1 1000 145,101,121,125;
146 p 1 1 100 1 40 10 0;102-1;p1999846-1 1000 146,102,121,125;
147 p 1 1 100 1 40 10 0;102-1;p2000147-1 1000 147,102,121,125;
148 p 1 1 100 1 40 10 0;102-1;p2000194-1 1000 148,102,121,125;
149 p 1 1 100 1 40 10 0;102-1;p1999861-1 1000 149,102,121,125;
150 p 1 1 100 1 40 10 0;102-1;p1999940-1 1000 150,102,121,125;
151 p 1 1 100 1 40 10 0;102-1;p1999974-1 1000 151,102,121,125;
152 p 1 1 100 1 40 10 0;102-1;p2000197-1 1000 152,102,121,125;
153 p 1 1 100 1 40 10 0;102-1;p1999962-1 1000 153,102,121,125;
154 p 1 1 100 1 40 10 0;102-1;p2000140-1 1000 154,102,121,125;
155 p 1 1 100 1 40 10 0;102-1;p1999867-1 1000 155,102,121,125;
156 p 1 1 100 1 40 10 0;102-1;p2000187-1 1000 156,102,121,125;
157 p 1 1 100 1 40 10 0;102-1;p2000086-1 1000 157,102,121,125;
158 p 1 1 100 1 40 10 0;102-1;p2000060-1 1000 158,102,121,125;
159 p 1 1 100 1 40 10 0;102-1;p1999811-1 1000 159,102,121,125;
160 p 1 1 100 1 40 10 0;102-1;p2000183-1 1000 160,102,121,125;
161 p 1 1 100 1 40 10 0;102-1;p1999813-1 1000 161,102,121,125;
162 p 1 1 100 1 40 10 0;102-1;p2000082-1 1000 162,102,121,125;
163 p 1 1 100 1 40 10 0;102-1;p1999823-1 1000 163,102,121,125;
164 p 1 1 100 1 40 10 0;102-1;p1999818-1 1000 164,102,121,125;
165 p 1 1 100 1 40 10 0;102-1;p2000180-1 1000 165,102,121,125;
166 p 1 1 100 1 40 10 0;103-1;p1999846-1 1000 166,103,121,125;
167 p 1 1 100 1 40 10 0;103-1;p2000147-1 1000 167,103,121,125;
168 p 1 1 100 1 40 10 0;103-1;p2000194-1 1000 168,103,121,125;
169 p 1 1 100 1 40 10 0;103-1;p1999861-1 1000 169,103,121,125;
170 p 1 1 100 1 40 10 0;103-1;p1999940-1 1000 170,103,121,125;
171 p 1 1 100 1 40 10 0;103-1;p1999974-1 1000 171,103,121,125;
172 p 1 1 100 1 40 10 0;103-1;p2000197-1 1000 172,103,121,125;
173 p 1 1 100 1 40 10 0;103-1;p1999962-1 1000 173,103,121,125;
174 p 1 1 100 1 40 10 0;103-1;p2000140-1 1000 174,103,121,125;
175 p 1 1 100 1 40 10 0;103-1;p1999867-1 1000 175,103,121,125;
176 p 1 1 100 1 40 10 0;103-1;p2000187-1 1000 176,103,121,125;
177 p 1 1 100 1 40 10 0;103-1;p2000086-1 1000 177,103,121,125;
178 p 1 1 100 1 40 10 0;103-1;p2000060-1 1000 178,103,121,125;
179 p 1 1 100 1 40 10 0;103-1;p1999811-1 1000 179,103,121,125;
180 p 1 1 100 1 40 10 0;103-1;p2000183-1 1000 180,103,121,125;
181 p 1 1 100 1 40 10 0;103-1;p1999813-1 1000 181,103,121,125;
182 p 1 1 100 1 40 10 0;103-1;p2000082-1 1000 182,103,121,125;
183 p 1 1 100 1 40 10 0;103-1;p1999823-1 1000 183,103,121,125;
184 p 1 1 100 1 40 10 0;103-1;p1999818-1 1000 184,103,121,125;
185 p 1 1 100 1 40 10 0;103-1;p2000180-1 1000 185,103,121,125;
186 p 1 1 100 1 40 10 0;104-1;p1999846-1 1000 186,104,121,125;
187 p 1 1 100 1 40 10 0;104-1;p2000147-1 1000 187,104,121,125;
188 p 1 1 100 1 40 10 0;104-1;p2000194-1 1000 188,104,121,125;
189 p 1 1 100 1 40 10 0;104-1;p1999861-1 1000 189,104,121,125;
190 p 1 1 100 1 40 10 0;104-1;p1999940-1 1000 190,104,121,125;
191 p 1 1 100 1 40 10 0;104-1;p1999974-1 1000 191,104,121,125;
192 p 1 1 100 1 40 10 0;104-1;p2000197-1 1000 192,104,121,125;
193 p 1 1 100 1 40 10 0;104-1;p1999962-1 1000 193,104,121,125;
194 p 1 1 100 1 40 10 0;104-1;p2000140-1 1000 194,104,121,125;
195 p 1 1 100 1 40 10 0;104-1;p1999867-1 1000 195,104,121,125;
196 p 1 1 100 1 40 10 0;104-1;p2000187-1 1000 196,104,121,125;
197 p 1 1 100 1 40 10 0;104-1;p2000086-1 1000 197,104,121,125;
198 p 1 1 100 1 40 10 0;104-1;p2000060-1 1000 198,104,121,125;
199 p 1 1 100 1 40 10 0;104-1;p1999811-1 1000 199,104,121,125;
200 p 1 1 100 1 40 10 0;104-1;p2000183-1 1000 200,104,121,125;
201 p 1 1 100 1 40 10 0;104-1;p1999813-1 1000 201,104,121,125;
202 p 1 1 100 1 40 10 0;104-1;p2000082-1 1000 202,104,121,125;
203 p 1 1 100 1 40 10 0;104-1;p1999823-1 1000 203,104,121,125;
204 p 1 1 100 1 40 10 0;104-1;p1999818-1 1000 204,104,121,125;
205 p 1 1 100 1 40 10 0;104-1;p2000180-1 1000 205,104,121,125;
206 p 1 1 100 1 40 10 0;105-1;p1999846-1 1000 206,105,121,125;
207 p 1 1 100 1 40 10 0;105-1;p2000147-1 1000 207,105,121,125;
208 p 1 1 100 1 40 10 0;105-1;p2000194-1 1000 208,105,121,125;
209 p 1 1 100 1 40 10 0;105-1;p1999861-1 1000 209,105,121,125;
210 p 1 1 100 1 40 10 0;105-1;p1999940-1 1000 210,105,121,125;
211 p 1 1 100 1 40 10 0;105-1;p1999974-1 1000 211,105,121,125;
212 p 1 1 100 1 40 10 0;105-1;p2000197-1 1000 212,105,121,125;
213 p 1 1 100 1 40 10 0;105-1;p1999962-1 1000 213,105,121,125;
214 p 1 1 100 1 40 10 0;105-1;p2000140-1 1000 214,105,121,125;
215 p 1 1 100 1 40 10 0;105-1;p1999867-1 1000 215,105,121,125;
216 p 1 1 100 1 40 10 0;105-1;p2000187-1 1000 216,105,121,125;
217 p 1 1 100 1 40 10 0;105-1;p2000086-1 1000 217,105,121,125;
218 p 1 1 100 1 40 10 0;105-1;p2000060-1 1000 218,105,121,125;
219 p 1 1 100 1 40 10 0;105-1;p1999811-1 1000 219,105,121,125;
220 p 1 1 100 1 40 10 0;105-1;p2000183-1 1000 220,105,121,125;
221 p 1 1 100 1 40 10 0;105-1;p1999813-1 1000 221,105,121,125;
222 p 1 1 100 1 40 10 0;105-1;p2000082-1 1000 222,105,121,125;
223 p 1 1 100 1 40 10 0;105-1;p1999823-1 1000 223,105,121,125;
224 p 1 1 100 1 40 10 0;105-1;p1999818-1 1000 224,105,121,125;
225 p 1 1 100 1 40 10 0;105-1;p2000180-1 1000 225,105,121,125;
226 p 1 1 100 1 40 10 0;106-1;p1999846-1 1000 226,106,122,125;
227 p 1 1 100 1 40 10 0;106-1;p2000147-1 1000 227,106,122,125;
228 p 1 1 100 1 40 10 0;106-1;p2000194-1 1000 228,106,122,125;
229 p 1 1 100 1 40 10 0;106-1;p1999861-1 1000 229,106,122,125;
230 p 1 1 100 1 40 10 0;106-1;p1999940-1 1000 230,106,122,125;
231 p 1 1 100 1 40 10 0;106-1;p1999974-1 1000 231,106,122,125;
232 p 1 1 100 1 40 10 0;106-1;p2000197-1 1000 232,106,122,125;
233 p 1 1 100 1 40 10 0;106-1;p1999962-1 1000 233,106,122,125;
234 p 1 1 100 1 40 10 0;106-1;p2000140-1 1000 234,106,122,125;
235 p 1 1 100 1 40 10 0;106-1;p1999867-1 1000 235,106,122,125;
236 p 1 1 100 1 40 10 0;106-1;p2000187-1 1000 236,106,122,125;
237 p 1 1 100 1 40 10 0;106-1;p2000086-1 1000 237,106,122,125;
238 p 1 1 100 1 40 10 0;106-1;p2000060-1 1000 238,106,122,125;
239 p 1 1 100 1 40 10 0;106-1;p1999811-1 1000 239,106,122,125;
240 p 1 1 100 1 40 10 0;106-1;p2000183-1 1000 240,106,122,125;
241 p 1 1 100 1 40 10 0;106-1;p1999813-1 1000 241,106,122,125;
242 p 1 1 100 1 40 10 0;106-1;p2000082-1 1000 242,106,122,125;
243 p 1 1 100 1 40 10 0;106-1;p1999823-1 1000 243,106,122,125;
244 p 1 1 100 1 40 10 0;106-1;p1999818-1 1000 244,106,122,125;
245 p 1 1 100 1 40 10 0;106-1;p2000180-1 1000 245,106,122,125;
246 p 1 1 100 1 40 10 0;107-1;p1999846-1 1000 246,107,122,125;
247 p 1 1 100 1 40 10 0;107-1;p2000147-1 1000 247,107,122,125;
248 p 1 1 100 1 40 10 0;107-1;p2000194-1 1000 248,107,122,125;
249 p 1 1 100 1 40 10 0;107-1;p1999861-1 1000 249,107,122,125;
250 p 1 1 100 1 40 10 0;107-1;p1999940-1 1000 250,107,122,125;
251 p 1 1 100 1 40 10 0;107-1;p1999974-1 1000 251,107,122,125;
252 p 1 1 100 1 40 10 0;107-1;p2000197-1 1000 252,107,122,125;
253 p 1 1 100 1 40 10 0;107-1;p1999962-1 1000 253,107,122,125;
254 p 1 1 100 1 40 10 0;107-1;p2000140-1 1000 254,107,122,125;
255 p 1 1 100 1 40 10 0;107-1;p1999867-1 1000 255,107,122,125;
256 p 1 1 100 1 40 10 0;107-1;p2000187-1 1000 256,107,122,125;
257 p 1 1 100 1 40 10 0;107-1;p2000086-1 1000 257,107,122,125;
258 p 1 1 100 1 40 10 0;107-1;p2000060-1 1000 258,107,122,125;
259 p 1 1 100 1 40 10 0;107-1;p1999811-1 1000 259,107,122,125;
260 p 1 1 100 1 40 10 0;107-1;p2000183-1 1000 260,107,122,125;
261 p 1 1 100 1 40 10 0;107-1;p1999813-1 1000 261,107,122,125;
262 p 1 1 100 1 40 10 0;107-1;p2000082-1 1000 262,107,122,125;
263 p 1 1 100 1 40 10 0;107-1;p1999823-1 1000 263,107,122,125;
264 p 1 1 100 1 40 10 0;107-1;p1999818-1 1000 264,107,122,125;
265 p 1 1 100 1 40 10 0;107-1;p2000180-1 1000 265,107,122,125;
266 p 1 1 100 1 40 10 0;108-1;p1999846-1 1000 266,108,122,125;
267 p 1 1 100 1 40 10 0;108-1;p2000147-1 1000 267,108,122,125;
268 p 1 1 100 1 40 10 0;108-1;p2000194-1 1000 268,108,122,125;
269 p 1 1 100 1 40 10 0;108-1;p1999861-1 1000 269,108,122,125;
270 p 1 1 100 1 40 10 0;108-1;p1999940-1 1000 270,108,122,125;
271 p 1 1 100 1 40 10 0;108-1;p1999974-1 1000 271,108,122,125;
272 p 1 1 100 1 40 10 0;108-1;p2000197-1 1000 272,108,122,125;
273 p 1 1 100 1 40 10 0;108-1;p1999962-1 1000 273,108,122,125;
274 p 1 1 100 1 40 10 0;108-1;p2000140-1 1000 274,108,122,125;
275 p 1 1 100 1 40 10 0;108-1;p1999867-1 1000 275,108,122,125;
276 p 1 1 100 1 40 10 0;108-1;p2000187-1 1000 276,108,122,125;
277 p 1 1 100 1 40 10 0;108-1;p2000086-1 1000 277,108,122,125;
278 p 1 1 100 1 40 10 0;108-1;p2000060-1 1000 278,108,122,125;
279 p 1 1 100 1 40 10 0;108-1;p1999811-1 1000 279,108,122,125;
280 p 1 1 100 1 40 10 0;108-1;p2000183-1 1000 280,108,122,125;
281 p 1 1 100 1 40 10 0;108-1;p1999813-1 1000 281,108,122,125;
282 p 1 1 100 1 40 10 0;108-1;p2000082-1 1000 282,108,122,125;
283 p 1 1 100 1 40 10 0;108-1;p1999823-1 1000 283,108,122,125;
284 p 1 1 100 1 40 10 0;108-1;p1999818-1 1000 284,108,122,125;
285 p 1 1 100 1 40 10 0;108-1;p2000180-1 1000 285,108,122,125;
286 p 1 1 100 1 40 10 0;109-1;p1999846-1 1000 286,109,122,125;
287 p 1 1 100 1 40 10 0;109-1;p2000147-1 1000 287,109,122,125;
288 p 1 1 100 1 40 10 0;109-1;p2000194-1 1000 288,109,122,125;
289 p 1 1 100 1 40 10 0;109-1;p1999861-1 1000 289,109,122,125;
290 p 1 1 100 1 40 10 0;109-1;p1999940-1 1000 290,109,122,125;
291 p 1 1 100 1 40 10 0;109-1;p1999974-1 1000 291,109,122,125;
292 p 1 1 100 1 40 10 0;109-1;p2000197-1 1000 292,109,122,125;
293 p 1 1 100 1 40 10 0;109-1;p1999962-1 1000 293,109,122,125;
294 p 1 1 100 1 40 10 0;109-1;p2000140-1 1000 294,109,122,125;
295 p 1 1 100 1 40 10 0;109-1;p1999867-1 1000 295,109,122,125;
296 p 1 1 100 1 40 10 0;109-1;p2000187-1 1000 296,109,122,125;
297 p 1 1 100 1 40 10 0;109-1;p2000086-1 1000 297,109,122,125;
298 p 1 1 100 1 40 10 0;109-1;p2000060-1 1000 298,109,122,125;
299 p 1 1 100 1 40 10 0;109-1;p1999811-1 1000 299,109,122,125;
300 p 1 1 100 1 40 10 0;109-1;p2000183-1 1000 300,109,122,125;
301 p 1 1 100 1 40 10 0;109-1;p1999813-1 1000 301,109,122,125;
302 p 1 1 100 1 40 10 0;109-1;p2000082-1 1000 302,109,122,125;
303 p 1 1 100 1 40 10 0;109-1;p1999823-1 1000 303,109,122,125;
304 p 1 1 100 1 40 10 0;109-1;p1999818-1 1000 304,109,122,125;
305 p 1 1 100 1 40 10 0;109-1;p2000180-1 1000 305,109,122,125;
306 p 1 1 100 1 40 10 0;110-1;p1999846-1 1000 306,110,122,125;
307 p 1 1 100 1 40 10 0;110-1;p2000147-1 1000 307,110,122,125;
308 p 1 1 100 1 40 10 0;110-1;p2000194-1 1000 308,110,122,125;
309 p 1 1 100 1 40 10 0;110-1;p1999861-1 1000 309,110,122,125;
310 p 1 1 100 1 40 10 0;110-1;p1999940-1 1000 310,110,122,125;
311 p 1 1 100 1 40 10 0;110-1;p1999974-1 1000 311,110,122,125;
312 p 1 1 100 1 40 10 0;110-1;p2000197-1 1000 312,110,122,125;
313 p 1 1 100 1 40 10 0;110-1;p1999962-1 1000 313,110,122,125;
314 p 1 1 100 1 40 10 0;110-1;p2000140-1 1000 314,110,122,125;
315 p 1 1 100 1 40 10 0;110-1;p1999867-1 1000 315,110,122,125;
316 p 1 1 100 1 40 10 0;110-1;p2000187-1 1000 316,110,122,125;
317 p 1 1 100 1 40 10 0;110-1;p2000086-1 1000 317,110,122,125;
318 p 1 1 100 1 40 10 0;110-1;p2000060-1 1000 318,110,122,125;
319 p 1 1 100 1 40 10 0;110-1;p1999811-1 1000 319,110,122,125;
320 p 1 1 100 1 40 10 0;110-1;p2000183-1 1000 320,110,122,125;
321 p 1 1 100 1 40 10 0;110-1;p1999813-1 1000 321,110,122,125;
322 p 1 1 100 1 40 10 0;110-1;p2000082-1 1000 322,110,122,125;
323 p 1 1 100 1 40 10 0;110-1;p1999823-1 1000 323,110,122,125;
324 p 1 1 100 1 40 10 0;110-1;p1999818-1 1000 324,110,122,125;
325 p 1 1 100 1 40 10 0;110-1;p2000180-1 1000 325,110,122,125;
326 p 1 1 100 1 40 10 0;111-1;p1999846-1 1000 326,111,123,125;
327 p 1 1 100 1 40 10 0;111-1;p2000147-1 1000 327,111,123,125;
328 p 1 1 100 1 40 10 0;111-1;p2000194-1 1000 328,111,123,125;
329 p 1 1 100 1 40 10 0;111-1;p1999861-1 1000 329,111,123,125;
330 p 1 1 100 1 40 10 0;111-1;p1999940-1 1000 330,111,123,125;
331 p 1 1 100 1 40 10 0;111-1;p1999974-1 1000 331,111,123,125;
332 p 1 1 100 1 40 10 0;111-1;p2000197-1 1000 332,111,123,125;
333 p 1 1 100 1 40 10 0;111-1;p1999962-1 1000 333,111,123,125;
334 p 1 1 100 1 40 10 0;111-1;p2000140-1 1000 334,111,123,125;
335 p 1 1 100 1 40 10 0;111-1;p1999867-1 1000 335,111,123,125;
336 p 1 1 100 1 40 10 0;111-1;p2000187-1 1000 336,111,123,125;
337 p 1 1 100 1 40 10 0;111-1;p2000086-1 1000 337,111,123,125;
338 p 1 1 100 1 40 10 0;111-1;p2000060-1 1000 338,111,123,125;
339 p 1 1 100 1 40 10 0;111-1;p1999811-1 1000 339,111,123,125;
340 p 1 1 100 1 40 10 0;111-1;p2000183-1 1000 340,111,123,125;
341 p 1 1 100 1 40 10 0;111-1;p1999813-1 1000 341,111,123,125;
342 p 1 1 100 1 40 10 0;111-1;p2000082-1 1000 342,111,123,125;
343 p 1 1 100 1 40 10 0;111-1;p1999823-1 1000 343,111,123,125;
344 p 1 1 100 1 40 10 0;111-1;p1999818-1 1000 344,111,123,125;
345 p 1 1 100 1 40 10 0;111-1;p2000180-1 1000 345,111,123,125;
346 p 1 1 100 1 40 10 0;112-1;p1999846-1 1000 346,112,123,125;
347 p 1 1 100 1 40 10 0;112-1;p2000147-1 1000 347,112,123,125;
348 p 1 1 100 1 40 10 0;112-1;p2000194-1 1000 348,112,123,125;
349 p 1 1 100 1 40 10 0;112-1;p1999861-1 1000 349,112,123,125;
350 p 1 1 100 1 40 10 0;112-1;p1999940-1 1000 350,112,123,125;
351 p 1 1 100 1 40 10 0;112-1;p1999974-1 1000 351,112,123,125;
352 p 1 1 100 1 40 10 0;112-1;p2000197-1 1000 352,112,123,125;
353 p 1 1 100 1 40 10 0;112-1;p1999962-1 1000 353,112,123,125;
354 p 1 1 100 1 40 10 0;112-1;p2000140-1 1000 354,112,123,125;
355 p 1 1 100 1 40 10 0;112-1;p1999867-1 1000 355,112,123,125;
356 p 1 1 100 1 40 10 0;112-1;p2000187-1 1000 356,112,123,125;
357 p 1 1 100 1 40 10 0;112-1;p2000086-1 1000 357,112,123,125;
358 p 1 1 100 1 40 10 0;112-1;p2000060-1 1000 358,112,123,125;
359 p 1 1 100 1 40 10 0;112-1;p1999811-1 1000 359,112,123,125;
360 p 1 1 100 1 40 10 0;112-1;p2000183-1 1000 360,112,123,125;
361 p 1 1 100 1 40 10 0;112-1;p1999813-1 1000 361,112,123,125;
362 p 1 1 100 1 40 10 0;112-1;p2000082-1 1000 362,112,123,125;
363 p 1 1 100 1 40 10 0;112-1;p1999823-1 1000 363,112,123,125;
364 p 1 1 100 1 40 10 0;112-1;p1999818-1 1000 364,112,123,125;
365 p 1 1 100 1 40 10 0;112-1;p2000180-1 1000 365,112,123,125;
366 p 1 1 100 1 40 10 0;113-1;p1999846-1 1000 366,113,123,125;
367 p 1 1 100 1 40 10 0;113-1;p2000147-1 1000 367,113,123,125;
368 p 1 1 100 1 40 10 0;113-1;p2000194-1 1000 368,113,123,125;
369 p 1 1 100 1 40 10 0;113-1;p1999861-1 1000 369,113,123,125;
370 p 1 1 100 1 40 10 0;113-1;p1999940-1 1000 370,113,123,125;
371 p 1 1 100 1 40 10 0;113-1;p1999974-1 1000 371,113,123,125;
372 p 1 1 100 1 40 10 0;113-1;p2000197-1 1000 372,113,123,125;
373 p 1 1 100 1 40 10 0;113-1;p1999962-1 1000 373,113,123,125;
374 p 1 1 100 1 40 10 0;113-1;p2000140-1 1000 374,113,123,125;
375 p 1 1 100 1 40 10 0;113-1;p1999867-1 1000 375,113,123,125;
376 p 1 1 100 1 40 10 0;113-1;p2000187-1 1000 376,113,123,125;
377 p 1 1 100 1 40 10 0;113-1;p2000086-1 1000 377,113,123,125;
378 p 1 1 100 1 40 10 0;113-1;p2000060-1 1000 378,113,123,125;
379 p 1 1 100 1 40 10 0;113-1;p1999811-1 1000 379,113,123,125;
380 p 1 1 100 1 40 10 0;113-1;p2000183-1 1000 380,113,123,125;
381 p 1 1 100 1 40 10 0;113-1;p1999813-1 1000 381,113,123,125;
382 p 1 1 100 1 40 10 0;113-1;p2000082-1 1000 382,113,123,125;
383 p 1 1 100 1 40 10 0;113-1;p1999823-1 1000 383,113,123,125;
384 p 1 1 100 1 40 10 0;113-1;p1999818-1 1000 384,113,123,125;
385 p 1 1 100 1 40 10 0;113-1;p2000180-1 1000 385,113,123,125;
386 p 1 1 100 1 40 10 0;114-1;p1999846-1 1000 386,114,123,125;
387 p 1 1 100 1 40 10 0;114-1;p2000147-1 1000 387,114,123,125;
388 p 1 1 100 1 40 10 0;114-1;p2000194-1 1000 388,114,123,125;
389 p 1 1 100 1 40 10 0;114-1;p1999861-1 1000 389,114,123,125;
390 p 1 1 100 1 40 10 0;114-1;p1999940-1 1000 390,114,123,125;
391 p 1 1 100 1 40 10 0;114-1;p1999974-1 1000 391,114,123,125;
392 p 1 1 100 1 40 10 0;114-1;p2000197-1 1000 392,114,123,125;
393 p 1 1 100 1 40 10 0;114-1;p1999962-1 1000 393,114,123,125;
394 p 1 1 100 1 40 10 0;114-1;p2000140-1 1000 394,114,123,125;
395 p 1 1 100 1 40 10 0;114-1;p1999867-1 1000 395,114,123,125;
396 p 1 1 100 1 40 10 0;114-1;p2000187-1 1000 396,114,123,125;
397 p 1 1 100 1 40 10 0;114-1;p2000086-1 1000 397,114,123,125;
398 p 1 1 100 1 40 10 0;114-1;p2000060-1 1000 398,114,123,125;
399 p 1 1 100 1 40 10 0;114-1;p1999811-1 1000 399,114,123,125;
400 p 1 1 100 1 40 10 0;114-1;p2000183-1 1000 400,114,123,125;
401 p 1 1 100 1 40 10 0;114-1;p1999813-1 1000 401,114,123,125;
402 p 1 1 100 1 40 10 0;114-1;p2000082-1 1000 402,114,123,125;
403 p 1 1 100 1 40 10 0;114-1;p1999823-1 1000 403,114,123,125;
404 p 1 1 100 1 40 10 0;114-1;p1999818-1 1000 404,114,123,125;
405 p 1 1 100 1 40 10 0;114-1;p2000180-1 1000 405,114,123,125;
406 p 1 1 100 1 40 10 0;115-1;p1999846-1 1000 406,115,123,125;
407 p 1 1 100 1 40 10 0;115-1;p2000147-1 1000 407,115,123,125;
408 p 1 1 100 1 40 10 0;115-1;p2000194-1 1000 408,115,123,125;
409 p 1 1 100 1 40 10 0;115-1;p1999861-1 1000 409,115,123,125;
410 p 1 1 100 1 40 10 0;115-1;p1999940-1 1000 410,115,123,125;
411 p 1 1 100 1 40 10 0;115-1;p1999974-1 1000 411,115,123,125;
412 p 1 1 100 1 40 10 0;115-1;p2000197-1 1000 412,115,123,125;
413 p 1 1 100 1 40 10 0;115-1;p1999962-1 1000 413,115,123,125;
414 p 1 1 100 1 40 10 0;115-1;p2000140-1 1000 414,115,123,125;
415 p 1 1 100 1 40 10 0;115-1;p1999867-1 1000 415,115,123,125;
416 p 1 1 100 1 40 10 0;115-1;p2000187-1 1000 416,115,123,125;
417 p 1 1 100 1 40 10 0;115-1;p2000086-1 1000 417,115,123,125;
418 p 1 1 100 1 40 10 0;115-1;p2000060-1 1000 418,115,123,125;
419 p 1 1 100 1 40 10 0;115-1;p1999811-1 1000 419,115,123,125;
420 p 1 1 100 1 40 10 0;115-1;p2000183-1 1000 420,115,123,125;
421 p 1 1 100 1 40 10 0;115-1;p1999813-1 1000 421,115,123,125;
422 p 1 1 100 1 40 10 0;115-1;p2000082-1 1000 422,115,123,125;
423 p 1 1 100 1 40 10 0;115-1;p1999823-1 1000 423,115,123,125;
424 p 1 1 100 1 40 10 0;115-1;p1999818-1 1000 424,115,123,125;
425 p 1 1 100 1 40 10 0;115-1;p2000180-1 1000 425,115,123,125;
426 p 1 1 100 1 40 10 0;116-1;p1999846-1 1000 426,116,124,125;
427 p 1 1 100 1 40 10 0;116-1;p2000147-1 1000 427,116,124,125;
428 p 1 1 100 1 40 10 0;116-1;p2000194-1 1000 428,116,124,125;
429 p 1 1 100 1 40 10 0;116-1;p1999861-1 1000 429,116,124,125;
430 p 1 1 100 1 40 10 0;116-1;p1999940-1 1000 430,116,124,125;
431 p 1 1 100 1 40 10 0;116-1;p1999974-1 1000 431,116,124,125;
432 p 1 1 100 1 40 10 0;116-1;p2000197-1 1000 432,116,124,125;
433 p 1 1 100 1 40 10 0;116-1;p1999962-1 1000 433,116,124,125;
434 p 1 1 100 1 40 10 0;116-1;p2000140-1 1000 434,116,124,125;
435 p 1 1 100 1 40 10 0;116-1;p1999867-1 1000 435,116,124,125;
436 p 1 1 100 1 40 10 0;116-1;p2000187-1 1000 436,116,124,125;
437 p 1 1 100 1 40 10 0;116-1;p2000086-1 1000 437,116,124,125;
438 p 1 1 100 1 40 10 0;116-1;p2000060-1 1000 438,116,124,125;
439 p 1 1 100 1 40 10 0;116-1;p1999811-1 1000 439,116,124,125;
440 p 1 1 100 1 40 10 0;116-1;p2000183-1 1000 440,116,124,125;
441 p 1 1 100 1 40 10 0;116-1;p1999813-1 1000 441,116,124,125;
442 p 1 1 100 1 40 10 0;116-1;p2000082-1 1000 442,116,124,125;
443 p 1 1 100 1 40 10 0;116-1;p1999823-1 1000 443,116,124,125;
444 p 1 1 100 1 40 10 0;116-1;p1999818-1 1000 444,116,124,125;
445 p 1 1 100 1 40 10 0;116-1;p2000180-1 1000 445,116,124,125;
446 p 1 1 100 1 40 10 0;117-1;p1999846-1 1000 446,117,124,125;
447 p 1 1 100 1 40 10 0;117-1;p2000147-1 1000 447,117,124,125;
448 p 1 1 100 1 40 10 0;117-1;p2000194-1 1000 448,117,124,125;
449 p 1 1 100 1 40 10 0;117-1;p1999861-1 1000 449,117,124,125;
450 p 1 1 100 1 40 10 0;117-1;p1999940-1 1000 450,117,124,125;
451 p 1 1 100 1 40 10 0;117-1;p1999974-1 1000 451,117,124,125;
452 p 1 1 100 1 40 10 0;117-1;p2000197-1 1000 452,117,124,125;
453 p 1 1 100 1 40 10 0;117-1;p1999962-1 1000 453,117,124,125;
454 p 1 1 100 1 40 10 0;117-1;p2000140-1 1000 454,117,124,125;
455 p 1 1 100 1 40 10 0;117-1;p1999867-1 1000 455,117,124,125;
456 p 1 1 100 1 40 10 0;117-1;p2000187-1 1000 456,117,124,125;
457 p 1 1 100 1 40 10 0;117-1;p2000086-1 1000 457,117,124,125;
458 p 1 1 100 1 40 10 0;117-1;p2000060-1 1000 458,117,124,125;
459 p 1 1 100 1 40 10 0;117-1;p1999811-1 1000 459,117,124,125;
460 p 1 1 100 1 40 10 0;117-1;p2000183-1 1000 460,117,124,125;
461 p 1 1 100 1 40 10 0;117-1;p1999813-1 1000 461,117,124,125;
462 p 1 1 100 1 40 10 0;117-1;p2000082-1 1000 462,117,124,125;
463 p 1 1 100 1 40 10 0;117-1;p1999823-1 1000 463,117,124,125;
464 p 1 1 100 1 40 10 0;117-1;p1999818-1 1000 464,117,124,125;
465 p 1 1 100 1 40 10 0;117-1;p2000180-1 1000 465,117,124,125;
466 p 1 1 100 1 40 10 0;118-1;p1999846-1 1000 466,118,124,125;
467 p 1 1 100 1 40 10 0;118-1;p2000147-1 1000 467,118,124,125;
468 p 1 1 100 1 40 10 0;118-1;p2000194-1 1000 468,118,124,125;
469 p 1 1 100 1 40 10 0;118-1;p1999861-1 1000 469,118,124,125;
470 p 1 1 100 1 40 10 0;118-1;p1999940-1 1000 470,118,124,125;
471 p 1 1 100 1 40 10 0;118-1;p1999974-1 1000 471,118,124,125;
472 p 1 1 100 1 40 10 0;118-1;p2000197-1 1000 472,118,124,125;
473 p 1 1 100 1 40 10 0;118-1;p1999962-1 1000 473,118,124,125;
474 p 1 1 100 1 40 10 0;118-1;p2000140-1 1000 474,118,124,125;
475 p 1 1 100 1 40 10 0;118-1;p1999867-1 1000 475,118,124,125;
476 p 1 1 100 1 40 10 0;118-1;p2000187-1 1000 476,118,124,125;
477 p 1 1 100 1 40 10 0;118-1;p2000086-1 1000 477,118,124,125;
478 p 1 1 100 1 40 10 0;118-1;p2000060-1 1000 478,118,124,125;
479 p 1 1 100 1 40 10 0;118-1;p1999811-1 1000 479,118,124,125;
480 p 1 1 100 1 40 10 0;118-1;p2000183-1 1000 480,118,124,125;
481 p 1 1 100 1 40 10 0;118-1;p1999813-1 1000 481,118,124,125;
482 p 1 1 100 1 40 10 0;118-1;p2000082-1 1000 482,118,124,125;
483 p 1 1 100 1 40 10 0;118-1;p1999823-1 1000 483,118,124,125;
484 p 1 1 100 1 40 10 0;118-1;p1999818-1 1000 484,118,124,125;
485 p 1 1 100 1 40 10 0;118-1;p2000180-1 1000 485,118,124,125;
486 p 1 1 100 1 40 10 0;119-1;p1999846-1 1000 486,119,124,125;
487 p 1 1 100 1 40 10 0;119-1;p2000147-1 1000 487,119,124,125;
488 p 1 1 100 1 40 10 0;119-1;p2000194-1 1000 488,119,124,125;
489 p 1 1 100 1 40 10 0;119-1;p1999861-1 1000 489,119,124,125;
490 p 1 1 100 1 40 10 0;119-1;p1999940-1 1000 490,119,124,125;
491 p 1 1 100 1 40 10 0;119-1;p1999974-1 1000 491,119,124,125;
492 p 1 1 100 1 40 10 0;119-1;p2000197-1 1000 492,119,124,125;
493 p 1 1 100 1 40 10 0;119-1;p1999962-1 1000 493,119,124,125;
494 p 1 1 100 1 40 10 0;119-1;p2000140-1 1000 494,119,124,125;
495 p 1 1 100 1 40 10 0;119-1;p1999867-1 1000 495,119,124,125;
496 p 1 1 100 1 40 10 0;119-1;p2000187-1 1000 496,119,124,125;
497 p 1 1 100 1 40 10 0;119-1;p2000086-1 1000 497,119,124,125;
498 p 1 1 100 1 40 10 0;119-1;p2000060-1 1000 498,119,124,125;
499 p 1 1 100 1 40 10 0;119-1;p1999811-1 1000 499,119,124,125;
500 p 1 1 100 1 40 10 0;119-1;p2000183-1 1000 500,119,124,125;
501 p 1 1 100 1 40 10 0;119-1;p1999813-1 1000 501,119,124,125;
502 p 1 1 100 1 40 10 0;119-1;p2000082-1 1000 502,119,124,125;
503 p 1 1 100 1 40 10 0;119-1;p1999823-1 1000 503,119,124,125;
504 p 1 1 100 1 40 10 0;119-1;p1999818-1 1000 504,119,124,125;
505 p 1 1 100 1 40 10 0;119-1;p2000180-1 1000 505,119,124,125;
506 p 1 1 100 1 40 10 0;120-1;p1999846-1 1000 506,120,124,125;
507 p 1 1 100 1 40 10 0;120-1;p2000147-1 1000 507,120,124,125;
508 p 1 1 100 1 40 10 0;120-1;p2000194-1 1000 508,120,124,125;
509 p 1 1 100 1 40 10 0;120-1;p1999861-1 1000 509,120,124,125;
510 p 1 1 100 1 40 10 0;120-1;p1999940-1 1000 510,120,124,125;
511 p 1 1 100 1 40 10 0;120-1;p1999974-1 1000 511,120,124,125;
512 p 1 1 100 1 40 10 0;120-1;p2000197-1 1000 512,120,124,125;
513 p 1 1 100 1 40 10 0;120-1;p1999962-1 1000 513,120,124,125;
514 p 1 1 100 1 40 10 0;120-1;p2000140-1 1000 514,120,124,125;
515 p 1 1 100 1 40 10 0;120-1;p1999867-1 1000 515,120,124,125;
516 p 1 1 100 1 40 10 0;120-1;p2000187-1 1000 516,120,124,125;
517 p 1 1 100 1 40 10 0;120-1;p2000086-1 1000 517,120,124,125;
518 p 1 1 100 1 40 10 0;120-1;p2000060-1 1000 518,120,124,125;
519 p 1 1 100 1 40 10 0;120-1;p1999811-1 1000 519,120,124,125;
520 p 1 1 100 1 40 10 0;120-1;p2000183-1 1000 520,120,124,125;
521 p 1 1 100 1 40 10 0;120-1;p1999813-1 1000 521,120,124,125;
522 p 1 1 100 1 40 10 0;120-1;p2000082-1 1000 522,120,124,125;
523 p 1 1 100 1 40 10 0;120-1;p1999823-1 1000 523,120,124,125;
524 p 1 1 100 1 40 10 0;120-1;p1999818-1 1000 524,120,124,125;
525 p 1 1 100 1 40 10 0;120-1;p2000180-1 1000 525,120,124,125;
0 0
