1 p 1 1 100 1 40 10 0;101-1;p1009-1 500 1,101,121,125;
2 p 1 1 100 1 40 10 0;101-1;p1021-1 500 2,101,121,125;
3 p 1 1 100 1 40 10 0;101-1;p968-1 500 3,101,121,125;
4 p 1 1 100 1 40 10 0;101-1;p952-1 500 4,101,121,125;
5 p 1 1 100 1 40 10 0;101-1;p1016-1 500 5,101,121,125;
6 p 1 1 100 1 40 10 0;102-1;p990-1 500 6,102,121,125;
7 p 1 1 100 1 40 10 0;102-1;p963-1 500 7,102,121,125;
8 p 1 1 100 1 40 10 0;102-1;p1033-1 500 8,102,121,125;
9 p 1 1 100 1 40 10 0;102-1;p966-1 500 9,102,121,125;
10 p 1 1 100 1 40 10 0;102-1;p961-1 500 10,102,121,125;
11 p 1 1 100 1 40 10 0;103-1;p969-1 500 11,103,121,125;
12 p 1 1 100 1 40 10 0;103-1;p1048-1 500 12,103,121,125;
13 p 1 1 100 1 40 10 0;103-1;p1014-1 500 13,103,121,125;
14 p 1 1 100 1 40 10 0;103-1;p1037-1 500 14,103,121,125;
15 p 1 1 100 1 40 10 0;103-1;p966-1 500 15,103,121,125;
16 p 1 1 100 1 40 10 0;104-1;p1007-1 500 16,104,121,125;
17 p 1 1 100 1 40 10 0;104-1;p1021-1 500 17,104,121,125;
18 p 1 1 100 1 40 10 0;104-1;p987-1 500 18,104,121,125;
19 p 1 1 100 1 40 10 0;104-1;p1042-1 500 19,104,121,125;
20 p 1 1 100 1 40 10 0;104-1;p1009-1 500 20,104,121,125;
21 p 1 1 100 1 40 10 0;105-1;p956-1 500 21,105,121,125;
22 p 1 1 100 1 40 10 0;105-1;p1008-1 500 22,105,121,125;
23 p 1 1 100 1 40 10 0;105-1;p974-1 500 23,105,121,125;
24 p 1 1 100 1 40 10 0;105-1;p951-1 500 24,105,121,125;
25 p 1 1 100 1 40 10 0;105-1;p953-1 500 25,105,121,125;
26 p 1 1 100 1 40 10 0;106-1;p1005-1 500 26,106,122,125;
27 p 1 1 100 1 40 10 0;106-1;p1022-1 500 27,106,122,125;
28 p 1 1 100 1 40 10 0;106-1;p1019-1 500 28,106,122,125;
29 p 1 1 100 1 40 10 0;106-1;p959-1 500 29,106,122,125;
30 p 1 1 100 1 40 10 0;106-1;p956-1 500 30,106,122,125;
31 p 1 1 100 1 40 10 0;107-1;p995-1 500 31,107,122,125;
32 p 1 1 100 1 40 10 0;107-1;p979-1 500 32,107,122,125;
33 p 1 1 100 1 40 10 0;107-1;p1005-1 500 33,107,122,125;
34 p 1 1 100 1 40 10 0;107-1;p984-1 500 34,107,122,125;
35 p 1 1 100 1 40 10 0;107-1;p1002-1 500 35,107,122,125;
36 p 1 1 100 1 40 10 0;108-1;p1030-1 500 36,108,122,125;
37 p 1 1 100 1 40 10 0;108-1;p1012-1 500 37,108,122,125;
38 p 1 1 100 1 40 10 0;108-1;p1015-1 500 38,108,122,125;
39 p 1 1 100 1 40 10 0;108-1;p965-1 500 39,108,122,125;
40 p 1 1 100 1 40 10 0;108-1;p1011-1 500 40,108,122,125;
41 p 1 1 100 1 40 10 0;109-1;p1046-1 500 41,109,122,125;
42 p 1 1 100 1 40 10 0;109-1;p1006-1 500 42,109,122,125;
43 p 1 1 100 1 40 10 0;109-1;p1022-1 500 43,109,122,125;
44 p 1 1 100 1 40 10 0;109-1;p975-1 500 44,109,122,125;
45 p 1 1 100 1 40 10 0;109-1;p997-1 500 45,109,122,125;
46 p 1 1 100 1 40 10 0;110-1;p1041-1 500 46,110,122,125;
47 p 1 1 100 1 40 10 0;110-1;p975-1 500 47,110,122,125;
48 p 1 1 100 1 40 10 0;110-1;p972-1 500 48,110,122,125;
49 p 1 1 100 1 40 10 0;110-1;p953-1 500 49,110,122,125;
50 p 1 1 100 1 40 10 0;110-1;p1022-1 500 50,110,122,125;
51 p 1 1 100 1 40 10 0;111-1;p985-1 500 51,111,123,125;
52 p 1 1 100 1 40 10 0;111-1;p1004-1 500 52,111,123,125;
53 p 1 1 100 1 40 10 0;111-1;p969-1 500 53,111,123,125;
54 p 1 1 100 1 40 10 0;111-1;p1029-1 500 54,111,123,125;
55 p 1 1 100 1 40 10 0;111-1;p1002-1 500 55,111,123,125;
56 p 1 1 100 1 40 10 0;112-1;p974-1 500 56,112,123,125;
57 p 1 1 100 1 40 10 0;112-1;p1036-1 500 57,112,123,125;
58 p 1 1 100 1 40 10 0;112-1;p1005-1 500 58,112,123,125;
59 p 1 1 100 1 40 10 0;112-1;p989-1 500 59,112,123,125;
60 p 1 1 100 1 40 10 0;112-1;p1010-1 500 60,112,123,125;
61 p 1 1 100 1 40 10 0;113-1;p972-1 500 61,113,123,125;
62 p 1 1 100 1 40 10 0;113-1;p974-1 500 62,113,123,125;
63 p 1 1 100 1 40 10 0;113-1;p989-1 500 63,113,123,125;
64 p 1 1 100 1 40 10 0;113-1;p1039-1 500 64,113,123,125;
65 p 1 1 100 1 40 10 0;113-1;p964-1 500 65,113,123,125;
66 p 1 1 100 1 40 10 0;114-1;p1024-1 500 66,114,123,125;
67 p 1 1 100 1 40 10 0;114-1;p983-1 500 67,114,123,125;
68 p 1 1 100 1 40 10 0;114-1;p1040-1 500 68,114,123,125;
69 p 1 1 100 1 40 10 0;114-1;p970-1 500 69,114,123,125;
70 p 1 1 100 1 40 10 0;114-1;p957-1 500 70,114,123,125;
71 p 1 1 100 1 40 10 0;115-1;p1027-1 500 71,115,123,125;
72 p 1 1 100 1 40 10 0;115-1;p1033-1 500 72,115,123,125;
73 p 1 1 100 1 40 10 0;115-1;p1021-1 500 73,115,123,125;
74 p 1 1 100 1 40 10 0;115-1;p1013-1 500 74,115,123,125;
75 p 1 1 100 1 40 10 0;115-1;p963-1 500 75,115,123,125;
76 p 1 1 100 1 40 10 0;116-1;p967-1 500 76,116,124,125;
77 p 1 1 100 1 40 10 0;116-1;p987-1 500 77,116,124,125;
78 p 1 1 100 1 40 10 0;116-1;p953-1 500 78,116,124,125;
79 p 1 1 100 1 40 10 0;116-1;p1043-1 500 79,116,124,125;
80 p 1 1 100 1 40 10 0;116-1;p1028-1 500 80,116,124,125;
81 p 1 1 100 1 40 10 0;117-1;p971-1 500 81,117,124,125;
82 p 1 1 100 1 40 10 0;117-1;p952-1 500 82,117,124,125;
83 p 1 1 100 1 40 10 0;117-1;p1025-1 500 83,117,124,125;
84 p 1 1 100 1 40 10 0;117-1;p955-1 500 84,117,124,125;
85 p 1 1 100 1 40 10 0;117-1;p994-1 500 85,117,124,125;
86 p 1 1 100 1 40 10 0;118-1;p1009-1 500 86,118,124,125;
87 p 1 1 100 1 40 10 0;118-1;p963-1 500 87,118,124,125;
88 p 1 1 100 1 40 10 0;118-1;p1008-1 500 88,118,124,125;
89 p 1 1 100 1 40 10 0;118-1;p1017-1 500 89,118,124,125;
90 p 1 1 100 1 40 10 0;118-1;p1040-1 500 90,118,124,125;
91 p 1 1 100 1 40 10 0;119-1;p1014-1 500 91,119,124,125;
92 p 1 1 100 1 40 10 0;119-1;p973-1 500 92,119,124,125;
93 p 1 1 100 1 40 10 0;119-1;p972-1 500 93,119,124,125;
94 p 1 1 100 1 40 10 0;119-1;p970-1 500 94,119,124,125;
95 p 1 1 100 1 40 10 0;119-1;p1020-1 500 95,119,124,125;
96 p 1 1 100 1 40 10 0;120-1;p956-1 500 96,120,124,125;
97 p 1 1 100 1 40 10 0;120-1;p970-1 500 97,120,124,125;
98 p 1 1 100 1 40 10 0;120-1;p1045-1 500 98,120,124,125;
99 p 1 1 100 1 40 10 0;120-1;p1035-1 500 99,120,124,125;
100 p 1 1 100 1 40 10 0;120-1;p983-1 500 100,120,124,125;
101 c 1000 1 100 1000 1000 200 0;1-1,2-1,3-1,4-1,5-1,121-2;
102 c 1000 1 100 1000 1000 200 0;6-1,7-1,8-1,9-1,10-1,121-2;
103 c 1000 1 100 1000 1000 200 0;11-1,12-1,13-1,14-1,15-1,121-2;
104 c 1000 1 100 1000 1000 200 0;16-1,17-1,18-1,19-1,20-1,121-2;
105 c 1000 1 100 1000 1000 200 0;21-1,22-1,23-1,24-1,25-1,121-2;
106 c 1000 1 100 1000 1000 200 0;26-1,27-1,28-1,29-1,30-1,122-2;
107 c 1000 1 100 1000 1000 200 0;31-1,32-1,33-1,34-1,35-1,122-2;
108 c 1000 1 100 1000 1000 200 0;36-1,37-1,38-1,39-1,40-1,122-2;
109 c 1000 1 100 1000 1000 200 0;41-1,42-1,43-1,44-1,45-1,122-2;
110 c 1000 1 100 1000 1000 200 0;46-1,47-1,48-1,49-1,50-1,122-2;
111 c 1000 1 100 1000 1000 200 0;51-1,52-1,53-1,54-1,55-1,123-2;
112 c 1000 1 100 1000 1000 200 0;56-1,57-1,58-1,59-1,60-1,123-2;
113 c 1000 1 100 1000 1000 200 0;61-1,62-1,63-1,64-1,65-1,123-2;
114 c 1000 1 100 1000 1000 200 0;66-1,67-1,68-1,69-1,70-1,123-2;
115 c 1000 1 100 1000 1000 200 0;71-1,72-1,73-1,74-1,75-1,123-2;
116 c 1000 1 100 1000 1000 200 0;76-1,77-1,78-1,79-1,80-1,124-2;
117 c 1000 1 100 1000 1000 200 0;81-1,82-1,83-1,84-1,85-1,124-2;
118 c 1000 1 100 1000 1000 200 0;86-1,87-1,88-1,89-1,90-1,124-2;
119 c 1000 1 100 1000 1000 200 0;91-1,92-1,93-1,94-1,95-1,124-2;
120 c 1000 1 100 1000 1000 200 0;96-1,97-1,98-1,99-1,100-1,124-2;
121 c 10000 1 100 10000 8000 1200 0;101-2,102-2,103-2,104-2,105-2,125-3;
122 c 10000 1 100 10000 8000 1200 0;106-2,107-2,108-2,109-2,110-2,125-3;
123 c 10000 1 100 10000 8000 1200 0;111-2,112-2,113-2,114-2,115-2,125-3;
124 c 10000 1 100 10000 8000 1200 0;116-2,117-2,118-2,119-2,120-2,125-3;
125 c 1000000 1 100 1000000 100000 3000 0;121-3,122-3,123-3,124-3;
0 0
