1 p 1 1 100 1 40 10 0;101-1;p2000109-1 1000 1,101,121,125;
2 p 1 1 100 1 40 10 0;101-1;p2000109-1 1000 2,101,121,125;
3 p 1 1 100 1 40 10 0;101-1;p2000109-1 1000 3,101,121,125;
4 p 1 1 100 1 40 10 0;101-1;p2000109-1 1000 4,101,121,125;
5 p 1 1 100 1 40 10 0;101-1;p2000109-1 1000 5,101,121,125;
6 p 1 1 100 1 40 10 0;102-1;p2000091-1 1000 6,102,121,125;
7 p 1 1 100 1 40 10 0;102-1;p2000151-1 1000 7,102,121,125;
8 p 1 1 100 1 40 10 0;102-1;p1999807-1 1000 8,102,121,125;
9 p 1 1 100 1 40 10 0;102-1;p1999894-1 1000 9,102,121,125;
10 p 1 1 100 1 40 10 0;102-1;p2000163-1 1000 10,102,121,125;
11 p 1 1 100 1 40 10 0;103-1;p2000051-1 1000 11,103,121,125;
12 p 1 1 100 1 40 10 0;103-1;p2000199-1 1000 12,103,121,125;
13 p 1 1 100 1 40 10 0;103-1;p2000048-1 1000 13,103,121,125;
14 p 1 1 100 1 40 10 0;103-1;p2000074-1 1000 14,103,121,125;
15 p 1 1 100 1 40 10 0;103-1;p2000003-1 1000 15,103,121,125;
16 p 1 1 100 1 40 10 0;104-1;p2000172-1 1000 16,104,121,125;
17 p 1 1 100 1 40 10 0;104-1;p1999987-1 1000 17,104,121,125;
18 p 1 1 100 1 40 10 0;104-1;p1999988-1 1000 18,104,121,125;
19 p 1 1 100 1 40 10 0;104-1;p1999828-1 1000 19,104,121,125;
20 p 1 1 100 1 40 10 0;104-1;p2000085-1 1000 20,104,121,125;
21 p 1 1 100 1 40 10 0;105-1;p1999967-1 1000 21,105,121,125;
22 p 1 1 100 1 40 10 0;105-1;p1999931-1 1000 22,105,121,125;
23 p 1 1 100 1 40 10 0;105-1;p2000198-1 1000 23,105,121,125;
24 p 1 1 100 1 40 10 0;105-1;p2000111-1 1000 24,105,121,125;
25 p 1 1 100 1 40 10 0;105-1;p1999975-1 1000 25,105,121,125;
26 p 1 1 100 1 40 10 0;106-1;p2000124-1 1000 26,106,122,125;
27 p 1 1 100 1 40 10 0;106-1;p2000148-1 1000 27,106,122,125;
28 p 1 1 100 1 40 10 0;106-1;p1999926-1 1000 28,106,122,125;
29 p 1 1 100 1 40 10 0;106-1;p1999830-1 1000 29,106,122,125;
30 p 1 1 100 1 40 10 0;106-1;p1999837-1 1000 30,106,122,125;
31 p 1 1 100 1 40 10 0;107-1;p1999973-1 1000 31,107,122,125;
32 p 1 1 100 1 40 10 0;107-1;p1999858-1 1000 32,107,122,125;
33 p 1 1 100 1 40 10 0;107-1;p1999950-1 1000 33,107,122,125;
34 p 1 1 100 1 40 10 0;107-1;p2000029-1 1000 34,107,122,125;
35 p 1 1 100 1 40 10 0;107-1;p1999879-1 1000 35,107,122,125;
36 p 1 1 100 1 40 10 0;108-1;p2000094-1 1000 36,108,122,125;
37 p 1 1 100 1 40 10 0;108-1;p2000168-1 1000 37,108,122,125;
38 p 1 1 100 1 40 10 0;108-1;p1999813-1 1000 38,108,122,125;
39 p 1 1 100 1 40 10 0;108-1;p1999969-1 1000 39,108,122,125;
40 p 1 1 100 1 40 10 0;108-1;p2000184-1 1000 40,108,122,125;
41 p 1 1 100 1 40 10 0;109-1;p2000141-1 1000 41,109,122,125;
42 p 1 1 100 1 40 10 0;109-1;p1999830-1 1000 42,109,122,125;
43 p 1 1 100 1 40 10 0;109-1;p2000074-1 1000 43,109,122,125;
44 p 1 1 100 1 40 10 0;109-1;p1999940-1 1000 44,109,122,125;
45 p 1 1 100 1 40 10 0;109-1;p2000079-1 1000 45,109,122,125;
46 p 1 1 100 1 40 10 0;110-1;p2000195-1 1000 46,110,122,125;
47 p 1 1 100 1 40 10 0;110-1;p2000148-1 1000 47,110,122,125;
48 p 1 1 100 1 40 10 0;110-1;p1999910-1 1000 48,110,122,125;
49 p 1 1 100 1 40 10 0;110-1;p1999987-1 1000 49,110,122,125;
50 p 1 1 100 1 40 10 0;110-1;p2000153-1 1000 50,110,122,125;
51 p 1 1 100 1 40 10 0;111-1;p1999822-1 1000 51,111,123,125;
52 p 1 1 100 1 40 10 0;111-1;p2000178-1 1000 52,111,123,125;
53 p 1 1 100 1 40 10 0;111-1;p1999825-1 1000 53,111,123,125;
54 p 1 1 100 1 40 10 0;111-1;p2000024-1 1000 54,111,123,125;
55 p 1 1 100 1 40 10 0;111-1;p2000123-1 1000 55,111,123,125;
56 p 1 1 100 1 40 10 0;112-1;p1999878-1 1000 56,112,123,125;
57 p 1 1 100 1 40 10 0;112-1;p1999837-1 1000 57,112,123,125;
58 p 1 1 100 1 40 10 0;112-1;p2000191-1 1000 58,112,123,125;
59 p 1 1 100 1 40 10 0;112-1;p1999852-1 1000 59,112,123,125;
60 p 1 1 100 1 40 10 0;112-1;p1999949-1 1000 60,112,123,125;
61 p 1 1 100 1 40 10 0;113-1;p2000051-1 1000 61,113,123,125;
62 p 1 1 100 1 40 10 0;113-1;p2000132-1 1000 62,113,123,125;
63 p 1 1 100 1 40 10 0;113-1;p2000104-1 1000 63,113,123,125;
64 p 1 1 100 1 40 10 0;113-1;p2000104-1 1000 64,113,123,125;
65 p 1 1 100 1 40 10 0;113-1;p2000134-1 1000 65,113,123,125;
66 p 1 1 100 1 40 10 0;114-1;p2000170-1 1000 66,114,123,125;
67 p 1 1 100 1 40 10 0;114-1;p2000098-1 1000 67,114,123,125;
68 p 1 1 100 1 40 10 0;114-1;p2000104-1 1000 68,114,123,125;
69 p 1 1 100 1 40 10 0;114-1;p1999958-1 1000 69,114,123,125;
70 p 1 1 100 1 40 10 0;114-1;p1999971-1 1000 70,114,123,125;
71 p 1 1 100 1 40 10 0;115-1;p2000191-1 1000 71,115,123,125;
72 p 1 1 100 1 40 10 0;115-1;p1999882-1 1000 72,115,123,125;
73 p 1 1 100 1 40 10 0;115-1;p2000089-1 1000 73,115,123,125;
74 p 1 1 100 1 40 10 0;115-1;p1999953-1 1000 74,115,123,125;
75 p 1 1 100 1 40 10 0;115-1;p2000042-1 1000 75,115,123,125;
76 p 1 1 100 1 40 10 0;116-1;p1999891-1 1000 76,116,124,125;
77 p 1 1 100 1 40 10 0;116-1;p1999885-1 1000 77,116,124,125;
78 p 1 1 100 1 40 10 0;116-1;p1999907-1 1000 78,116,124,125;
79 p 1 1 100 1 40 10 0;116-1;p1999956-1 1000 79,116,124,125;
80 p 1 1 100 1 40 10 0;116-1;p2000166-1 1000 80,116,124,125;
81 p 1 1 100 1 40 10 0;117-1;p1999974-1 1000 81,117,124,125;
82 p 1 1 100 1 40 10 0;117-1;p1999946-1 1000 82,117,124,125;
83 p 1 1 100 1 40 10 0;117-1;p2000165-1 1000 83,117,124,125;
84 p 1 1 100 1 40 10 0;117-1;p1999946-1 1000 84,117,124,125;
85 p 1 1 100 1 40 10 0;117-1;p1999819-1 1000 85,117,124,125;
86 p 1 1 100 1 40 10 0;118-1;p1999923-1 1000 86,118,124,125;
87 p 1 1 100 1 40 10 0;118-1;p2000155-1 1000 87,118,124,125;
88 p 1 1 100 1 40 10 0;118-1;p1999846-1 1000 88,118,124,125;
89 p 1 1 100 1 40 10 0;118-1;p1999973-1 1000 89,118,124,125;
90 p 1 1 100 1 40 10 0;118-1;p2000135-1 1000 90,118,124,125;
91 p 1 1 100 1 40 10 0;119-1;p2000111-1 1000 91,119,124,125;
92 p 1 1 100 1 40 10 0;119-1;p1999854-1 1000 92,119,124,125;
93 p 1 1 100 1 40 10 0;119-1;p2000126-1 1000 93,119,124,125;
94 p 1 1 100 1 40 10 0;119-1;p1999814-1 1000 94,119,124,125;
95 p 1 1 100 1 40 10 0;119-1;p2000127-1 1000 95,119,124,125;
96 p 1 1 100 1 40 10 0;120-1;p1999942-1 1000 96,120,124,125;
97 p 1 1 100 1 40 10 0;120-1;p2000075-1 1000 97,120,124,125;
98 p 1 1 100 1 40 10 0;120-1;p2000055-1 1000 98,120,124,125;
99 p 1 1 100 1 40 10 0;120-1;p2000087-1 1000 99,120,124,125;
100 p 1 1 100 1 40 10 0;120-1;p2000059-1 1000 100,120,124,125;
101 c 1000 1 100 1000 1000 200 5;1-1,2-1,3-1,4-1,5-1,126-1,127-1,128-1,129-1,130-1,121-2;
102 c 1000 1 100 1000 1000 200 5;6-1,7-1,8-1,9-1,10-1,131-1,132-1,133-1,134-1,135-1,121-2;
103 c 1000 1 100 1000 1000 200 5;11-1,12-1,13-1,14-1,15-1,136-1,137-1,138-1,139-1,140-1,121-2;
104 c 1000 1 100 1000 1000 200 5;16-1,17-1,18-1,19-1,20-1,141-1,142-1,143-1,144-1,145-1,121-2;
105 c 1000 1 100 1000 1000 200 5;21-1,22-1,23-1,24-1,25-1,146-1,147-1,148-1,149-1,150-1,121-2;
106 c 1000 1 100 1000 1000 200 5;26-1,27-1,28-1,29-1,30-1,151-1,152-1,153-1,154-1,155-1,122-2;
107 c 1000 1 100 1000 1000 200 5;31-1,32-1,33-1,34-1,35-1,156-1,157-1,158-1,159-1,160-1,122-2;
108 c 1000 1 100 1000 1000 200 5;36-1,37-1,38-1,39-1,40-1,161-1,162-1,163-1,164-1,165-1,122-2;
109 c 1000 1 100 1000 1000 200 5;41-1,42-1,43-1,44-1,45-1,166-1,167-1,168-1,169-1,170-1,122-2;
110 c 1000 1 100 1000 1000 200 5;46-1,47-1,48-1,49-1,50-1,171-1,172-1,173-1,174-1,175-1,122-2;
111 c 1000 1 100 1000 1000 200 5;51-1,52-1,53-1,54-1,55-1,176-1,177-1,178-1,179-1,180-1,123-2;
112 c 1000 1 100 1000 1000 200 5;56-1,57-1,58-1,59-1,60-1,181-1,182-1,183-1,184-1,185-1,123-2;
113 c 1000 1 100 1000 1000 200 5;61-1,62-1,63-1,64-1,65-1,186-1,187-1,188-1,189-1,190-1,123-2;
114 c 1000 1 100 1000 1000 200 5;66-1,67-1,68-1,69-1,70-1,191-1,192-1,193-1,194-1,195-1,123-2;
115 c 1000 1 100 1000 1000 200 5;71-1,72-1,73-1,74-1,75-1,196-1,197-1,198-1,199-1,200-1,123-2;
116 c 1000 1 100 1000 1000 200 5;76-1,77-1,78-1,79-1,80-1,201-1,202-1,203-1,204-1,205-1,124-2;
117 c 1000 1 100 1000 1000 200 5;81-1,82-1,83-1,84-1,85-1,206-1,207-1,208-1,209-1,210-1,124-2;
118 c 1000 1 100 1000 1000 200 5;86-1,87-1,88-1,89-1,90-1,211-1,212-1,213-1,214-1,215-1,124-2;
119 c 1000 1 100 1000 1000 200 5;91-1,92-1,93-1,94-1,95-1,216-1,217-1,218-1,219-1,220-1,124-2;
120 c 1000 1 100 1000 1000 200 5;96-1,97-1,98-1,99-1,100-1,221-1,222-1,223-1,224-1,225-1,124-2;
121 c 10000 1 100 10000 8000 1200 0;101-2,102-2,103-2,104-2,105-2,125-3;
122 c 10000 1 100 10000 8000 1200 0;106-2,107-2,108-2,109-2,110-2,125-3;
123 c 10000 1 100 10000 8000 1200 0;111-2,112-2,113-2,114-2,115-2,125-3;
124 c 10000 1 100 10000 8000 1200 0;116-2,117-2,118-2,119-2,120-2,125-3;
125 c 1000000 1 100 1000000 100000 3000 0;121-3,122-3,123-3,124-3;
126 p 1 1 100 1 40 10 0;101-1;p2000107-1 1000 126,101,121,125;
127 p 1 1 100 1 40 10 0;101-1;p1999978-1 1000 127,101,121,125;
128 p 1 1 100 1 40 10 0;101-1;p1999927-1 1000 128,101,121,125;
129 p 1 1 100 1 40 10 0;101-1;p1999883-1 1000 129,101,121,125;
130 p 1 1 100 1 40 10 0;101-1;p2000095-1 1000 130,101,121,125;
131 p 1 1 100 1 40 10 0;102-1;p2000093-1 1000 131,102,121,125;
132 p 1 1 100 1 40 10 0;102-1;p1999956-1 1000 132,102,121,125;
133 p 1 1 100 1 40 10 0;102-1;p1999926-1 1000 133,102,121,125;
134 p 1 1 100 1 40 10 0;102-1;p2000056-1 1000 134,102,121,125;
135 p 1 1 100 1 40 10 0;102-1;p1999943-1 1000 135,102,121,125;
136 p 1 1 100 1 40 10 0;103-1;p2000093-1 1000 136,103,121,125;
137 p 1 1 100 1 40 10 0;103-1;p1999956-1 1000 137,103,121,125;
138 p 1 1 100 1 40 10 0;103-1;p1999926-1 1000 138,103,121,125;
139 p 1 1 100 1 40 10 0;103-1;p2000056-1 1000 139,103,121,125;
140 p 1 1 100 1 40 10 0;103-1;p1999943-1 1000 140,103,121,125;
141 p 1 1 100 1 40 10 0;104-1;p2000093-1 1000 141,104,121,125;
142 p 1 1 100 1 40 10 0;104-1;p1999956-1 1000 142,104,121,125;
143 p 1 1 100 1 40 10 0;104-1;p1999926-1 1000 143,104,121,125;
144 p 1 1 100 1 40 10 0;104-1;p2000056-1 1000 144,104,121,125;
145 p 1 1 100 1 40 10 0;104-1;p1999943-1 1000 145,104,121,125;
146 p 1 1 100 1 40 10 0;105-1;p2000093-1 1000 146,105,121,125;
147 p 1 1 100 1 40 10 0;105-1;p1999956-1 1000 147,105,121,125;
148 p 1 1 100 1 40 10 0;105-1;p1999926-1 1000 148,105,121,125;
149 p 1 1 100 1 40 10 0;105-1;p2000056-1 1000 149,105,121,125;
150 p 1 1 100 1 40 10 0;105-1;p1999943-1 1000 150,105,121,125;
151 p 1 1 100 1 40 10 0;106-1;p2000093-1 1000 151,106,122,125;
152 p 1 1 100 1 40 10 0;106-1;p1999956-1 1000 152,106,122,125;
153 p 1 1 100 1 40 10 0;106-1;p1999926-1 1000 153,106,122,125;
154 p 1 1 100 1 40 10 0;106-1;p2000056-1 1000 154,106,122,125;
155 p 1 1 100 1 40 10 0;106-1;p1999943-1 1000 155,106,122,125;
156 p 1 1 100 1 40 10 0;107-1;p2000093-1 1000 156,107,122,125;
157 p 1 1 100 1 40 10 0;107-1;p1999956-1 1000 157,107,122,125;
158 p 1 1 100 1 40 10 0;107-1;p1999926-1 1000 158,107,122,125;
159 p 1 1 100 1 40 10 0;107-1;p2000056-1 1000 159,107,122,125;
160 p 1 1 100 1 40 10 0;107-1;p1999943-1 1000 160,107,122,125;
161 p 1 1 100 1 40 10 0;108-1;p2000093-1 1000 161,108,122,125;
162 p 1 1 100 1 40 10 0;108-1;p1999956-1 1000 162,108,122,125;
163 p 1 1 100 1 40 10 0;108-1;p1999926-1 1000 163,108,122,125;
164 p 1 1 100 1 40 10 0;108-1;p2000056-1 1000 164,108,122,125;
165 p 1 1 100 1 40 10 0;108-1;p1999943-1 1000 165,108,122,125;
166 p 1 1 100 1 40 10 0;109-1;p2000093-1 1000 166,109,122,125;
167 p 1 1 100 1 40 10 0;109-1;p1999956-1 1000 167,109,122,125;
168 p 1 1 100 1 40 10 0;109-1;p1999926-1 1000 168,109,122,125;
169 p 1 1 100 1 40 10 0;109-1;p2000056-1 1000 169,109,122,125;
170 p 1 1 100 1 40 10 0;109-1;p1999943-1 1000 170,109,122,125;
171 p 1 1 100 1 40 10 0;110-1;p2000093-1 1000 171,110,122,125;
172 p 1 1 100 1 40 10 0;110-1;p1999956-1 1000 172,110,122,125;
173 p 1 1 100 1 40 10 0;110-1;p1999926-1 1000 173,110,122,125;
174 p 1 1 100 1 40 10 0;110-1;p2000056-1 1000 174,110,122,125;
175 p 1 1 100 1 40 10 0;110-1;p1999943-1 1000 175,110,122,125;
176 p 1 1 100 1 40 10 0;111-1;p2000093-1 1000 176,111,123,125;
177 p 1 1 100 1 40 10 0;111-1;p1999956-1 1000 177,111,123,125;
178 p 1 1 100 1 40 10 0;111-1;p1999926-1 1000 178,111,123,125;
179 p 1 1 100 1 40 10 0;111-1;p2000056-1 1000 179,111,123,125;
180 p 1 1 100 1 40 10 0;111-1;p1999943-1 1000 180,111,123,125;
181 p 1 1 100 1 40 10 0;112-1;p2000093-1 1000 181,112,123,125;
182 p 1 1 100 1 40 10 0;112-1;p1999956-1 1000 182,112,123,125;
183 p 1 1 100 1 40 10 0;112-1;p1999926-1 1000 183,112,123,125;
184 p 1 1 100 1 40 10 0;112-1;p2000056-1 1000 184,112,123,125;
185 p 1 1 100 1 40 10 0;112-1;p1999943-1 1000 185,112,123,125;
186 p 1 1 100 1 40 10 0;113-1;p2000093-1 1000 186,113,123,125;
187 p 1 1 100 1 40 10 0;113-1;p1999956-1 1000 187,113,123,125;
188 p 1 1 100 1 40 10 0;113-1;p1999926-1 1000 188,113,123,125;
189 p 1 1 100 1 40 10 0;113-1;p2000056-1 1000 189,113,123,125;
190 p 1 1 100 1 40 10 0;113-1;p1999943-1 1000 190,113,123,125;
191 p 1 1 100 1 40 10 0;114-1;p2000093-1 1000 191,114,123,125;
192 p 1 1 100 1 40 10 0;114-1;p1999956-1 1000 192,114,123,125;
193 p 1 1 100 1 40 10 0;114-1;p1999926-1 1000 193,114,123,125;
194 p 1 1 100 1 40 10 0;114-1;p2000056-1 1000 194,114,123,125;
195 p 1 1 100 1 40 10 0;114-1;p1999943-1 1000 195,114,123,125;
196 p 1 1 100 1 40 10 0;115-1;p2000093-1 1000 196,115,123,125;
197 p 1 1 100 1 40 10 0;115-1;p1999956-1 1000 197,115,123,125;
198 p 1 1 100 1 40 10 0;115-1;p1999926-1 1000 198,115,123,125;
199 p 1 1 100 1 40 10 0;115-1;p2000056-1 1000 199,115,123,125;
200 p 1 1 100 1 40 10 0;115-1;p1999943-1 1000 200,115,123,125;
201 p 1 1 100 1 40 10 0;116-1;p2000093-1 1000 201,116,124,125;
202 p 1 1 100 1 40 10 0;116-1;p1999956-1 1000 202,116,124,125;
203 p 1 1 100 1 40 10 0;116-1;p1999926-1 1000 203,116,124,125;
204 p 1 1 100 1 40 10 0;116-1;p2000056-1 1000 204,116,124,125;
205 p 1 1 100 1 40 10 0;116-1;p1999943-1 1000 205,116,124,125;
206 p 1 1 100 1 40 10 0;117-1;p2000093-1 1000 206,117,124,125;
207 p 1 1 100 1 40 10 0;117-1;p1999956-1 1000 207,117,124,125;
208 p 1 1 100 1 40 10 0;117-1;p1999926-1 1000 208,117,124,125;
209 p 1 1 100 1 40 10 0;117-1;p2000056-1 1000 209,117,124,125;
210 p 1 1 100 1 40 10 0;117-1;p1999943-1 1000 210,117,124,125;
211 p 1 1 100 1 40 10 0;118-1;p2000093-1 1000 211,118,124,125;
212 p 1 1 100 1 40 10 0;118-1;p1999956-1 1000 212,118,124,125;
213 p 1 1 100 1 40 10 0;118-1;p1999926-1 1000 213,118,124,125;
214 p 1 1 100 1 40 10 0;118-1;p2000056-1 1000 214,118,124,125;
215 p 1 1 100 1 40 10 0;118-1;p1999943-1 1000 215,118,124,125;
216 p 1 1 100 1 40 10 0;119-1;p2000093-1 1000 216,119,124,125;
217 p 1 1 100 1 40 10 0;119-1;p1999956-1 1000 217,119,124,125;
218 p 1 1 100 1 40 10 0;119-1;p1999926-1 1000 218,119,124,125;
219 p 1 1 100 1 40 10 0;119-1;p2000056-1 1000 219,119,124,125;
220 p 1 1 100 1 40 10 0;119-1;p1999943-1 1000 220,119,124,125;
221 p 1 1 100 1 40 10 0;120-1;p2000093-1 1000 221,120,124,125;
222 p 1 1 100 1 40 10 0;120-1;p1999956-1 1000 222,120,124,125;
223 p 1 1 100 1 40 10 0;120-1;p1999926-1 1000 223,120,124,125;
224 p 1 1 100 1 40 10 0;120-1;p2000056-1 1000 224,120,124,125;
225 p 1 1 100 1 40 10 0;120-1;p1999943-1 1000 225,120,124,125;
0 0
