1 p 1 1 100 1 40 10 0;101-1;p2000109-1 100 1,101,121,125;
2 p 1 1 100 1 40 10 0;101-1;p2000109-1 100 2,101,121,125;
3 p 1 1 100 1 40 10 0;101-1;p2000109-1 100 3,101,121,125;
4 p 1 1 100 1 40 10 0;101-1;p2000109-1 100 4,101,121,125;
5 p 1 1 100 1 40 10 0;101-1;p2000109-1 100 5,101,121,125;
6 p 1 1 100 1 40 10 0;102-1;p2000091-1 100 6,102,121,125;
7 p 1 1 100 1 40 10 0;102-1;p2000151-1 100 7,102,121,125;
8 p 1 1 100 1 40 10 0;102-1;p1999807-1 100 8,102,121,125;
9 p 1 1 100 1 40 10 0;102-1;p1999894-1 100 9,102,121,125;
10 p 1 1 100 1 40 10 0;102-1;p2000163-1 100 10,102,121,125;
11 p 1 1 100 1 40 10 0;103-1;p2000051-1 100 11,103,121,125;
12 p 1 1 100 1 40 10 0;103-1;p2000199-1 100 12,103,121,125;
13 p 1 1 100 1 40 10 0;103-1;p2000048-1 100 13,103,121,125;
14 p 1 1 100 1 40 10 0;103-1;p2000074-1 100 14,103,121,125;
15 p 1 1 100 1 40 10 0;103-1;p2000003-1 100 15,103,121,125;
16 p 1 1 100 1 40 10 0;104-1;p2000172-1 100 16,104,121,125;
17 p 1 1 100 1 40 10 0;104-1;p1999987-1 100 17,104,121,125;
18 p 1 1 100 1 40 10 0;104-1;p1999988-1 100 18,104,121,125;
19 p 1 1 100 1 40 10 0;104-1;p1999828-1 100 19,104,121,125;
20 p 1 1 100 1 40 10 0;104-1;p2000085-1 100 20,104,121,125;
21 p 1 1 100 1 40 10 0;105-1;p1999967-1 100 21,105,121,125;
22 p 1 1 100 1 40 10 0;105-1;p1999931-1 100 22,105,121,125;
23 p 1 1 100 1 40 10 0;105-1;p2000198-1 100 23,105,121,125;
24 p 1 1 100 1 40 10 0;105-1;p2000111-1 100 24,105,121,125;
25 p 1 1 100 1 40 10 0;105-1;p1999975-1 100 25,105,121,125;
26 p 1 1 100 1 40 10 0;106-1;p2000124-1 100 26,106,122,125;
27 p 1 1 100 1 40 10 0;106-1;p2000148-1 100 27,106,122,125;
28 p 1 1 100 1 40 10 0;106-1;p1999926-1 100 28,106,122,125;
29 p 1 1 100 1 40 10 0;106-1;p1999830-1 100 29,106,122,125;
30 p 1 1 100 1 40 10 0;106-1;p1999837-1 100 30,106,122,125;
31 p 1 1 100 1 40 10 0;107-1;p1999838-1 100 31,107,122,125;
32 p 1 1 100 1 40 10 0;107-1;p2000159-1 100 32,107,122,125;
33 p 1 1 100 1 40 10 0;107-1;p1999861-1 100 33,107,122,125;
34 p 1 1 100 1 40 10 0;107-1;p2000102-1 100 34,107,122,125;
35 p 1 1 100 1 40 10 0;107-1;p2000162-1 100 35,107,122,125;
36 p 1 1 100 1 40 10 0;108-1;p2000094-1 100 36,108,122,125;
37 p 1 1 100 1 40 10 0;108-1;p2000168-1 100 37,108,122,125;
38 p 1 1 100 1 40 10 0;108-1;p1999813-1 100 38,108,122,125;
39 p 1 1 100 1 40 10 0;108-1;p1999969-1 100 39,108,122,125;
40 p 1 1 100 1 40 10 0;108-1;p2000184-1 100 40,108,122,125;
41 p 1 1 100 1 40 10 0;109-1;p2000141-1 100 41,109,122,125;
42 p 1 1 100 1 40 10 0;109-1;p1999830-1 100 42,109,122,125;
43 p 1 1 100 1 40 10 0;109-1;p2000074-1 100 43,109,122,125;
44 p 1 1 100 1 40 10 0;109-1;p1999940-1 100 44,109,122,125;
45 p 1 1 100 1 40 10 0;109-1;p2000079-1 100 45,109,122,125;
46 p 1 1 100 1 40 10 0;110-1;p2000195-1 100 46,110,122,125;
47 p 1 1 100 1 40 10 0;110-1;p2000148-1 100 47,110,122,125;
48 p 1 1 100 1 40 10 0;110-1;p1999910-1 100 48,110,122,125;
49 p 1 1 100 1 40 10 0;110-1;p1999987-1 100 49,110,122,125;
50 p 1 1 100 1 40 10 0;110-1;p2000153-1 100 50,110,122,125;
51 p 1 1 100 1 40 10 0;111-1;p1999822-1 100 51,111,123,125;
52 p 1 1 100 1 40 10 0;111-1;p2000178-1 100 52,111,123,125;
53 p 1 1 100 1 40 10 0;111-1;p1999825-1 100 53,111,123,125;
54 p 1 1 100 1 40 10 0;111-1;p2000024-1 100 54,111,123,125;
55 p 1 1 100 1 40 10 0;111-1;p2000123-1 100 55,111,123,125;
56 p 1 1 100 1 40 10 0;112-1;p1999878-1 100 56,112,123,125;
57 p 1 1 100 1 40 10 0;112-1;p1999837-1 100 57,112,123,125;
58 p 1 1 100 1 40 10 0;112-1;p2000191-1 100 58,112,123,125;
59 p 1 1 100 1 40 10 0;112-1;p1999852-1 100 59,112,123,125;
60 p 1 1 100 1 40 10 0;112-1;p1999949-1 100 60,112,123,125;
61 p 1 1 100 1 40 10 0;113-1;p2000051-1 100 61,113,123,125;
62 p 1 1 100 1 40 10 0;113-1;p2000132-1 100 62,113,123,125;
63 p 1 1 100 1 40 10 0;113-1;p2000104-1 100 63,113,123,125;
64 p 1 1 100 1 40 10 0;113-1;p2000104-1 100 64,113,123,125;
65 p 1 1 100 1 40 10 0;113-1;p2000134-1 100 65,113,123,125;
66 p 1 1 100 1 40 10 0;114-1;p2000170-1 100 66,114,123,125;
67 p 1 1 100 1 40 10 0;114-1;p2000098-1 100 67,114,123,125;
68 p 1 1 100 1 40 10 0;114-1;p2000104-1 100 68,114,123,125;
69 p 1 1 100 1 40 10 0;114-1;p1999958-1 100 69,114,123,125;
70 p 1 1 100 1 40 10 0;114-1;p1999971-1 100 70,114,123,125;
71 p 1 1 100 1 40 10 0;115-1;p2000191-1 100 71,115,123,125;
72 p 1 1 100 1 40 10 0;115-1;p1999882-1 100 72,115,123,125;
73 p 1 1 100 1 40 10 0;115-1;p2000089-1 100 73,115,123,125;
74 p 1 1 100 1 40 10 0;115-1;p1999953-1 100 74,115,123,125;
75 p 1 1 100 1 40 10 0;115-1;p2000042-1 100 75,115,123,125;
76 p 1 1 100 1 40 10 0;116-1;p1999891-1 100 76,116,124,125;
77 p 1 1 100 1 40 10 0;116-1;p1999885-1 100 77,116,124,125;
78 p 1 1 100 1 40 10 0;116-1;p1999907-1 100 78,116,124,125;
79 p 1 1 100 1 40 10 0;116-1;p1999956-1 100 79,116,124,125;
80 p 1 1 100 1 40 10 0;116-1;p2000166-1 100 80,116,124,125;
81 p 1 1 100 1 40 10 0;117-1;p1999974-1 100 81,117,124,125;
82 p 1 1 100 1 40 10 0;117-1;p1999946-1 100 82,117,124,125;
83 p 1 1 100 1 40 10 0;117-1;p2000165-1 100 83,117,124,125;
84 p 1 1 100 1 40 10 0;117-1;p1999946-1 100 84,117,124,125;
85 p 1 1 100 1 40 10 0;117-1;p1999819-1 100 85,117,124,125;
86 p 1 1 100 1 40 10 0;118-1;p1999923-1 100 86,118,124,125;
87 p 1 1 100 1 40 10 0;118-1;p2000155-1 100 87,118,124,125;
88 p 1 1 100 1 40 10 0;118-1;p1999846-1 100 88,118,124,125;
89 p 1 1 100 1 40 10 0;118-1;p1999973-1 100 89,118,124,125;
90 p 1 1 100 1 40 10 0;118-1;p2000135-1 100 90,118,124,125;
91 p 1 1 100 1 40 10 0;119-1;p2000111-1 100 91,119,124,125;
92 p 1 1 100 1 40 10 0;119-1;p1999854-1 100 92,119,124,125;
93 p 1 1 100 1 40 10 0;119-1;p2000126-1 100 93,119,124,125;
94 p 1 1 100 1 40 10 0;119-1;p1999814-1 100 94,119,124,125;
95 p 1 1 100 1 40 10 0;119-1;p2000127-1 100 95,119,124,125;
96 p 1 1 100 1 40 10 0;120-1;p1999942-1 100 96,120,124,125;
97 p 1 1 100 1 40 10 0;120-1;p2000075-1 100 97,120,124,125;
98 p 1 1 100 1 40 10 0;120-1;p2000055-1 100 98,120,124,125;
99 p 1 1 100 1 40 10 0;120-1;p2000087-1 100 99,120,124,125;
100 p 1 1 100 1 40 10 0;120-1;p2000059-1 100 100,120,124,125;
101 c 1000 1 100 1000 1000 200 0;1-1,2-1,3-1,4-1,5-1,126-1,127-1,128-1,129-1,130-1,131-1,132-1,133-1,134-1,135-1,136-1,137-1,138-1,139-1,140-1,141-1,142-1,143-1,144-1,145-1,121-2;
102 c 1000 1 100 1000 1000 200 0;6-1,7-1,8-1,9-1,10-1,146-1,147-1,148-1,149-1,150-1,151-1,152-1,153-1,154-1,155-1,156-1,157-1,158-1,159-1,160-1,161-1,162-1,163-1,164-1,165-1,121-2;
103 c 1000 1 100 1000 1000 200 0;11-1,12-1,13-1,14-1,15-1,166-1,167-1,168-1,169-1,170-1,171-1,172-1,173-1,174-1,175-1,176-1,177-1,178-1,179-1,180-1,181-1,182-1,183-1,184-1,185-1,121-2;
104 c 1000 1 100 1000 1000 200 0;16-1,17-1,18-1,19-1,20-1,186-1,187-1,188-1,189-1,190-1,191-1,192-1,193-1,194-1,195-1,196-1,197-1,198-1,199-1,200-1,201-1,202-1,203-1,204-1,205-1,121-2;
105 c 1000 1 100 1000 1000 200 0;21-1,22-1,23-1,24-1,25-1,206-1,207-1,208-1,209-1,210-1,211-1,212-1,213-1,214-1,215-1,216-1,217-1,218-1,219-1,220-1,221-1,222-1,223-1,224-1,225-1,121-2;
106 c 1000 1 100 1000 1000 200 0;26-1,27-1,28-1,29-1,30-1,226-1,227-1,228-1,229-1,230-1,231-1,232-1,233-1,234-1,235-1,236-1,237-1,238-1,239-1,240-1,241-1,242-1,243-1,244-1,245-1,122-2;
107 c 1000 1 100 1000 1000 200 0;31-1,32-1,33-1,34-1,35-1,246-1,247-1,248-1,249-1,250-1,251-1,252-1,253-1,254-1,255-1,256-1,257-1,258-1,259-1,260-1,261-1,262-1,263-1,264-1,265-1,122-2;
108 c 1000 1 100 1000 1000 200 0;36-1,37-1,38-1,39-1,40-1,266-1,267-1,268-1,269-1,270-1,271-1,272-1,273-1,274-1,275-1,276-1,277-1,278-1,279-1,280-1,281-1,282-1,283-1,284-1,285-1,122-2;
109 c 1000 1 100 1000 1000 200 0;41-1,42-1,43-1,44-1,45-1,286-1,287-1,288-1,289-1,290-1,291-1,292-1,293-1,294-1,295-1,296-1,297-1,298-1,299-1,300-1,301-1,302-1,303-1,304-1,305-1,122-2;
110 c 1000 1 100 1000 1000 200 0;46-1,47-1,48-1,49-1,50-1,306-1,307-1,308-1,309-1,310-1,311-1,312-1,313-1,314-1,315-1,316-1,317-1,318-1,319-1,320-1,321-1,322-1,323-1,324-1,325-1,122-2;
111 c 1000 1 100 1000 1000 200 0;51-1,52-1,53-1,54-1,55-1,326-1,327-1,328-1,329-1,330-1,331-1,332-1,333-1,334-1,335-1,336-1,337-1,338-1,339-1,340-1,341-1,342-1,343-1,344-1,345-1,123-2;
112 c 1000 1 100 1000 1000 200 0;56-1,57-1,58-1,59-1,60-1,346-1,347-1,348-1,349-1,350-1,351-1,352-1,353-1,354-1,355-1,356-1,357-1,358-1,359-1,360-1,361-1,362-1,363-1,364-1,365-1,123-2;
113 c 1000 1 100 1000 1000 200 0;61-1,62-1,63-1,64-1,65-1,366-1,367-1,368-1,369-1,370-1,371-1,372-1,373-1,374-1,375-1,376-1,377-1,378-1,379-1,380-1,381-1,382-1,383-1,384-1,385-1,123-2;
114 c 1000 1 100 1000 1000 200 0;66-1,67-1,68-1,69-1,70-1,386-1,387-1,388-1,389-1,390-1,391-1,392-1,393-1,394-1,395-1,396-1,397-1,398-1,399-1,400-1,401-1,402-1,403-1,404-1,405-1,123-2;
115 c 1000 1 100 1000 1000 200 0;71-1,72-1,73-1,74-1,75-1,406-1,407-1,408-1,409-1,410-1,411-1,412-1,413-1,414-1,415-1,416-1,417-1,418-1,419-1,420-1,421-1,422-1,423-1,424-1,425-1,123-2;
116 c 1000 1 100 1000 1000 200 0;76-1,77-1,78-1,79-1,80-1,426-1,427-1,428-1,429-1,430-1,431-1,432-1,433-1,434-1,435-1,436-1,437-1,438-1,439-1,440-1,441-1,442-1,443-1,444-1,445-1,124-2;
117 c 1000 1 100 1000 1000 200 0;81-1,82-1,83-1,84-1,85-1,446-1,447-1,448-1,449-1,450-1,451-1,452-1,453-1,454-1,455-1,456-1,457-1,458-1,459-1,460-1,461-1,462-1,463-1,464-1,465-1,124-2;
118 c 1000 1 100 1000 1000 200 0;86-1,87-1,88-1,89-1,90-1,466-1,467-1,468-1,469-1,470-1,471-1,472-1,473-1,474-1,475-1,476-1,477-1,478-1,479-1,480-1,481-1,482-1,483-1,484-1,485-1,124-2;
119 c 1000 1 100 1000 1000 200 0;91-1,92-1,93-1,94-1,95-1,486-1,487-1,488-1,489-1,490-1,491-1,492-1,493-1,494-1,495-1,496-1,497-1,498-1,499-1,500-1,501-1,502-1,503-1,504-1,505-1,124-2;
120 c 1000 1 100 1000 1000 200 0;96-1,97-1,98-1,99-1,100-1,506-1,507-1,508-1,509-1,510-1,511-1,512-1,513-1,514-1,515-1,516-1,517-1,518-1,519-1,520-1,521-1,522-1,523-1,524-1,525-1,124-2;
121 c 10000 1 100 10000 8000 1200 0;101-2,102-2,103-2,104-2,105-2,125-3;
122 c 10000 1 100 10000 8000 1200 0;106-2,107-2,108-2,109-2,110-2,125-3;
123 c 10000 1 100 10000 8000 1200 0;111-2,112-2,113-2,114-2,115-2,125-3;
124 c 10000 1 100 10000 8000 1200 0;116-2,117-2,118-2,119-2,120-2,125-3;
125 c 1000000 1 100 1000000 100000 3000 0;121-3,122-3,123-3,124-3;
126 p 1 1 100 1 40 10 0;101-1;p1999846-1 100 126,101,121,125;
127 p 1 1 100 1 40 10 0;101-1;p2000147-1 100 127,101,121,125;
128 p 1 1 100 1 40 10 0;101-1;p2000194-1 100 128,101,121,125;
129 p 1 1 100 1 40 10 0;101-1;p1999861-1 100 129,101,121,125;
130 p 1 1 100 1 40 10 0;101-1;p1999940-1 100 130,101,121,125;
131 p 1 1 100 1 40 10 0;101-1;p1999974-1 100 131,101,121,125;
132 p 1 1 100 1 40 10 0;101-1;p2000197-1 100 132,101,121,125;
133 p 1 1 100 1 40 10 0;101-1;p1999962-1 100 133,101,121,125;
134 p 1 1 100 1 40 10 0;101-1;p2000140-1 100 134,101,121,125;
135 p 1 1 100 1 40 10 0;101-1;p1999867-1 100 135,101,121,125;
136 p 1 1 100 1 40 10 0;101-1;p2000187-1 100 136,101,121,125;
137 p 1 1 100 1 40 10 0;101-1;p2000086-1 100 137,101,121,125;
138 p 1 1 100 1 40 10 0;101-1;p2000060-1 100 138,101,121,125;
139 p 1 1 100 1 40 10 0;101-1;p1999811-1 100 139,101,121,125;
140 p 1 1 100 1 40 10 0;101-1;p2000183-1 100 140,101,121,125;
141 p 1 1 100 1 40 10 0;101-1;p1999813-1 100 141,101,121,125;
142 p 1 1 100 1 40 10 0;101-1;p2000082-1 100 142,101,121,125;
143 p 1 1 100 1 40 10 0;101-1;p1999823-1 100 143,101,121,125;
144 p 1 1 100 1 40 10 0;101-1;p1999818-1 100 144,101,121,125;
145 p 1 1 100 1 40 10 0;101-1;p2000180-1 100 145,101,121,125;
146 p 1 1 100 1 40 10 0;102-1;p1999846-1 100 146,102,121,125;
147 p 1 1 100 1 40 10 0;102-1;p2000147-1 100 147,102,121,125;
148 p 1 1 100 1 40 10 0;102-1;p2000194-1 100 148,102,121,125;
149 p 1 1 100 1 40 10 0;102-1;p1999861-1 100 149,102,121,125;
150 p 1 1 100 1 40 10 0;102-1;p1999940-1 100 150,102,121,125;
151 p 1 1 100 1 40 10 0;102-1;p1999974-1 100 151,102,121,125;
152 p 1 1 100 1 40 10 0;102-1;p2000197-1 100 152,102,121,125;
153 p 1 1 100 1 40 10 0;102-1;p1999962-1 100 153,102,121,125;
154 p 1 1 100 1 40 10 0;102-1;p2000140-1 100 154,102,121,125;
155 p 1 1 100 1 40 10 0;102-1;p1999867-1 100 155,102,121,125;
156 p 1 1 100 1 40 10 0;102-1;p2000187-1 100 156,102,121,125;
157 p 1 1 100 1 40 10 0;102-1;p2000086-1 100 157,102,121,125;
158 p 1 1 100 1 40 10 0;102-1;p2000060-1 100 158,102,121,125;
159 p 1 1 100 1 40 10 0;102-1;p1999811-1 100 159,102,121,125;
160 p 1 1 100 1 40 10 0;102-1;p2000183-1 100 160,102,121,125;
161 p 1 1 100 1 40 10 0;102-1;p1999813-1 100 161,102,121,125;
162 p 1 1 100 1 40 10 0;102-1;p2000082-1 100 162,102,121,125;
163 p 1 1 100 1 40 10 0;102-1;p1999823-1 100 163,102,121,125;
164 p 1 1 100 1 40 10 0;102-1;p1999818-1 100 164,102,121,125;
165 p 1 1 100 1 40 10 0;102-1;p2000180-1 100 165,102,121,125;
166 p 1 1 100 1 40 10 0;103-1;p1999846-1 100 166,103,121,125;
167 p 1 1 100 1 40 10 0;103-1;p2000147-1 100 167,103,121,125;
168 p 1 1 100 1 40 10 0;103-1;p2000194-1 100 168,103,121,125;
169 p 1 1 100 1 40 10 0;103-1;p1999861-1 100 169,103,121,125;
170 p 1 1 100 1 40 10 0;103-1;p1999940-1 100 170,103,121,125;
171 p 1 1 100 1 40 10 0;103-1;p1999974-1 100 171,103,121,125;
172 p 1 1 100 1 40 10 0;103-1;p2000197-1 100 172,103,121,125;
173 p 1 1 100 1 40 10 0;103-1;p1999962-1 100 173,103,121,125;
174 p 1 1 100 1 40 10 0;103-1;p2000140-1 100 174,103,121,125;
175 p 1 1 100 1 40 10 0;103-1;p1999867-1 100 175,103,121,125;
176 p 1 1 100 1 40 10 0;103-1;p2000187-1 100 176,103,121,125;
177 p 1 1 100 1 40 10 0;103-1;p2000086-1 100 177,103,121,125;
178 p 1 1 100 1 40 10 0;103-1;p2000060-1 100 178,103,121,125;
179 p 1 1 100 1 40 10 0;103-1;p1999811-1 100 179,103,121,125;
180 p 1 1 100 1 40 10 0;103-1;p2000183-1 100 180,103,121,125;
181 p 1 1 100 1 40 10 0;103-1;p1999813-1 100 181,103,121,125;
182 p 1 1 100 1 40 10 0;103-1;p2000082-1 100 182,103,121,125;
183 p 1 1 100 1 40 10 0;103-1;p1999823-1 100 183,103,121,125;
184 p 1 1 100 1 40 10 0;103-1;p1999818-1 100 184,103,121,125;
185 p 1 1 100 1 40 10 0;103-1;p2000180-1 100 185,103,121,125;
186 p 1 1 100 1 40 10 0;104-1;p1999846-1 100 186,104,121,125;
187 p 1 1 100 1 40 10 0;104-1;p2000147-1 100 187,104,121,125;
188 p 1 1 100 1 40 10 0;104-1;p2000194-1 100 188,104,121,125;
189 p 1 1 100 1 40 10 0;104-1;p1999861-1 100 189,104,121,125;
190 p 1 1 100 1 40 10 0;104-1;p1999940-1 100 190,104,121,125;
191 p 1 1 100 1 40 10 0;104-1;p1999974-1 100 191,104,121,125;
192 p 1 1 100 1 40 10 0;104-1;p2000197-1 100 192,104,121,125;
193 p 1 1 100 1 40 10 0;104-1;p1999962-1 100 193,104,121,125;
194 p 1 1 100 1 40 10 0;104-1;p2000140-1 100 194,104,121,125;
195 p 1 1 100 1 40 10 0;104-1;p1999867-1 100 195,104,121,125;
196 p 1 1 100 1 40 10 0;104-1;p2000187-1 100 196,104,121,125;
197 p 1 1 100 1 40 10 0;104-1;p2000086-1 100 197,104,121,125;
198 p 1 1 100 1 40 10 0;104-1;p2000060-1 100 198,104,121,125;
199 p 1 1 100 1 40 10 0;104-1;p1999811-1 100 199,104,121,125;
200 p 1 1 100 1 40 10 0;104-1;p2000183-1 100 200,104,121,125;
201 p 1 1 100 1 40 10 0;104-1;p1999813-1 100 201,104,121,125;
202 p 1 1 100 1 40 10 0;104-1;p2000082-1 100 202,104,121,125;
203 p 1 1 100 1 40 10 0;104-1;p1999823-1 100 203,104,121,125;
204 p 1 1 100 1 40 10 0;104-1;p1999818-1 100 204,104,121,125;
205 p 1 1 100 1 40 10 0;104-1;p2000180-1 100 205,104,121,125;
206 p 1 1 100 1 40 10 0;105-1;p1999846-1 100 206,105,121,125;
207 p 1 1 100 1 40 10 0;105-1;p2000147-1 100 207,105,121,125;
208 p 1 1 100 1 40 10 0;105-1;p2000194-1 100 208,105,121,125;
209 p 1 1 100 1 40 10 0;105-1;p1999861-1 100 209,105,121,125;
210 p 1 1 100 1 40 10 0;105-1;p1999940-1 100 210,105,121,125;
211 p 1 1 100 1 40 10 0;105-1;p1999974-1 100 211,105,121,125;
212 p 1 1 100 1 40 10 0;105-1;p2000197-1 100 212,105,121,125;
213 p 1 1 100 1 40 10 0;105-1;p1999962-1 100 213,105,121,125;
214 p 1 1 100 1 40 10 0;105-1;p2000140-1 100 214,105,121,125;
215 p 1 1 100 1 40 10 0;105-1;p1999867-1 100 215,105,121,125;
216 p 1 1 100 1 40 10 0;105-1;p2000187-1 100 216,105,121,125;
217 p 1 1 100 1 40 10 0;105-1;p2000086-1 100 217,105,121,125;
218 p 1 1 100 1 40 10 0;105-1;p2000060-1 100 218,105,121,125;
219 p 1 1 100 1 40 10 0;105-1;p1999811-1 100 219,105,121,125;
220 p 1 1 100 1 40 10 0;105-1;p2000183-1 100 220,105,121,125;
221 p 1 1 100 1 40 10 0;105-1;p1999813-1 100 221,105,121,125;
222 p 1 1 100 1 40 10 0;105-1;p2000082-1 100 222,105,121,125;
223 p 1 1 100 1 40 10 0;105-1;p1999823-1 100 223,105,121,125;
224 p 1 1 100 1 40 10 0;105-1;p1999818-1 100 224,105,121,125;
225 p 1 1 100 1 40 10 0;105-1;p2000180-1 100 225,105,121,125;
226 p 1 1 100 1 40 10 0;106-1;p1999846-1 100 226,106,122,125;
227 p 1 1 100 1 40 10 0;106-1;p2000147-1 100 227,106,122,125;
228 p 1 1 100 1 40 10 0;106-1;p2000194-1 100 228,106,122,125;
229 p 1 1 100 1 40 10 0;106-1;p1999861-1 100 229,106,122,125;
230 p 1 1 100 1 40 10 0;106-1;p1999940-1 100 230,106,122,125;
231 p 1 1 100 1 40 10 0;106-1;p1999974-1 100 231,106,122,125;
232 p 1 1 100 1 40 10 0;106-1;p2000197-1 100 232,106,122,125;
233 p 1 1 100 1 40 10 0;106-1;p1999962-1 100 233,106,122,125;
234 p 1 1 100 1 40 10 0;106-1;p2000140-1 100 234,106,122,125;
235 p 1 1 100 1 40 10 0;106-1;p1999867-1 100 235,106,122,125;
236 p 1 1 100 1 40 10 0;106-1;p2000187-1 100 236,106,122,125;
237 p 1 1 100 1 40 10 0;106-1;p2000086-1 100 237,106,122,125;
238 p 1 1 100 1 40 10 0;106-1;p2000060-1 100 238,106,122,125;
239 p 1 1 100 1 40 10 0;106-1;p1999811-1 100 239,106,122,125;
240 p 1 1 100 1 40 10 0;106-1;p2000183-1 100 240,106,122,125;
241 p 1 1 100 1 40 10 0;106-1;p1999813-1 100 241,106,122,125;
242 p 1 1 100 1 40 10 0;106-1;p2000082-1 100 242,106,122,125;
243 p 1 1 100 1 40 10 0;106-1;p1999823-1 100 243,106,122,125;
244 p 1 1 100 1 40 10 0;106-1;p1999818-1 100 244,106,122,125;
245 p 1 1 100 1 40 10 0;106-1;p2000180-1 100 245,106,122,125;
246 p 1 1 100 1 40 10 0;107-1;p1999846-1 100 246,107,122,125;
247 p 1 1 100 1 40 10 0;107-1;p2000147-1 100 247,107,122,125;
248 p 1 1 100 1 40 10 0;107-1;p2000194-1 100 248,107,122,125;
249 p 1 1 100 1 40 10 0;107-1;p1999861-1 100 249,107,122,125;
250 p 1 1 100 1 40 10 0;107-1;p1999940-1 100 250,107,122,125;
251 p 1 1 100 1 40 10 0;107-1;p1999974-1 100 251,107,122,125;
252 p 1 1 100 1 40 10 0;107-1;p2000197-1 100 252,107,122,125;
253 p 1 1 100 1 40 10 0;107-1;p1999962-1 100 253,107,122,125;
254 p 1 1 100 1 40 10 0;107-1;p2000140-1 100 254,107,122,125;
255 p 1 1 100 1 40 10 0;107-1;p1999867-1 100 255,107,122,125;
256 p 1 1 100 1 40 10 0;107-1;p2000187-1 100 256,107,122,125;
257 p 1 1 100 1 40 10 0;107-1;p2000086-1 100 257,107,122,125;
258 p 1 1 100 1 40 10 0;107-1;p2000060-1 100 258,107,122,125;
259 p 1 1 100 1 40 10 0;107-1;p1999811-1 100 259,107,122,125;
260 p 1 1 100 1 40 10 0;107-1;p2000183-1 100 260,107,122,125;
261 p 1 1 100 1 40 10 0;107-1;p1999813-1 100 261,107,122,125;
262 p 1 1 100 1 40 10 0;107-1;p2000082-1 100 262,107,122,125;
263 p 1 1 100 1 40 10 0;107-1;p1999823-1 100 263,107,122,125;
264 p 1 1 100 1 40 10 0;107-1;p1999818-1 100 264,107,122,125;
265 p 1 1 100 1 40 10 0;107-1;p2000180-1 100 265,107,122,125;
266 p 1 1 100 1 40 10 0;108-1;p1999846-1 100 266,108,122,125;
267 p 1 1 100 1 40 10 0;108-1;p2000147-1 100 267,108,122,125;
268 p 1 1 100 1 40 10 0;108-1;p2000194-1 100 268,108,122,125;
269 p 1 1 100 1 40 10 0;108-1;p1999861-1 100 269,108,122,125;
270 p 1 1 100 1 40 10 0;108-1;p1999940-1 100 270,108,122,125;
271 p 1 1 100 1 40 10 0;108-1;p1999974-1 100 271,108,122,125;
272 p 1 1 100 1 40 10 0;108-1;p2000197-1 100 272,108,122,125;
273 p 1 1 100 1 40 10 0;108-1;p1999962-1 100 273,108,122,125;
274 p 1 1 100 1 40 10 0;108-1;p2000140-1 100 274,108,122,125;
275 p 1 1 100 1 40 10 0;108-1;p1999867-1 100 275,108,122,125;
276 p 1 1 100 1 40 10 0;108-1;p2000187-1 100 276,108,122,125;
277 p 1 1 100 1 40 10 0;108-1;p2000086-1 100 277,108,122,125;
278 p 1 1 100 1 40 10 0;108-1;p2000060-1 100 278,108,122,125;
279 p 1 1 100 1 40 10 0;108-1;p1999811-1 100 279,108,122,125;
280 p 1 1 100 1 40 10 0;108-1;p2000183-1 100 280,108,122,125;
281 p 1 1 100 1 40 10 0;108-1;p1999813-1 100 281,108,122,125;
282 p 1 1 100 1 40 10 0;108-1;p2000082-1 100 282,108,122,125;
283 p 1 1 100 1 40 10 0;108-1;p1999823-1 100 283,108,122,125;
284 p 1 1 100 1 40 10 0;108-1;p1999818-1 100 284,108,122,125;
285 p 1 1 100 1 40 10 0;108-1;p2000180-1 100 285,108,122,125;
286 p 1 1 100 1 40 10 0;109-1;p1999846-1 100 286,109,122,125;
287 p 1 1 100 1 40 10 0;109-1;p2000147-1 100 287,109,122,125;
288 p 1 1 100 1 40 10 0;109-1;p2000194-1 100 288,109,122,125;
289 p 1 1 100 1 40 10 0;109-1;p1999861-1 100 289,109,122,125;
290 p 1 1 100 1 40 10 0;109-1;p1999940-1 100 290,109,122,125;
291 p 1 1 100 1 40 10 0;109-1;p1999974-1 100 291,109,122,125;
292 p 1 1 100 1 40 10 0;109-1;p2000197-1 100 292,109,122,125;
293 p 1 1 100 1 40 10 0;109-1;p1999962-1 100 293,109,122,125;
294 p 1 1 100 1 40 10 0;109-1;p2000140-1 100 294,109,122,125;
295 p 1 1 100 1 40 10 0;109-1;p1999867-1 100 295,109,122,125;
296 p 1 1 100 1 40 10 0;109-1;p2000187-1 100 296,109,122,125;
297 p 1 1 100 1 40 10 0;109-1;p2000086-1 100 297,109,122,125;
298 p 1 1 100 1 40 10 0;109-1;p2000060-1 100 298,109,122,125;
299 p 1 1 100 1 40 10 0;109-1;p1999811-1 100 299,109,122,125;
300 p 1 1 100 1 40 10 0;109-1;p2000183-1 100 300,109,122,125;
301 p 1 1 100 1 40 10 0;109-1;p1999813-1 100 301,109,122,125;
302 p 1 1 100 1 40 10 0;109-1;p2000082-1 100 302,109,122,125;
303 p 1 1 100 1 40 10 0;109-1;p1999823-1 100 303,109,122,125;
304 p 1 1 100 1 40 10 0;109-1;p1999818-1 100 304,109,122,125;
305 p 1 1 100 1 40 10 0;109-1;p2000180-1 100 305,109,122,125;
306 p 1 1 100 1 40 10 0;110-1;p1999846-1 100 306,110,122,125;
307 p 1 1 100 1 40 10 0;110-1;p2000147-1 100 307,110,122,125;
308 p 1 1 100 1 40 10 0;110-1;p2000194-1 100 308,110,122,125;
309 p 1 1 100 1 40 10 0;110-1;p1999861-1 100 309,110,122,125;
310 p 1 1 100 1 40 10 0;110-1;p1999940-1 100 310,110,122,125;
311 p 1 1 100 1 40 10 0;110-1;p1999974-1 100 311,110,122,125;
312 p 1 1 100 1 40 10 0;110-1;p2000197-1 100 312,110,122,125;
313 p 1 1 100 1 40 10 0;110-1;p1999962-1 100 313,110,122,125;
314 p 1 1 100 1 40 10 0;110-1;p2000140-1 100 314,110,122,125;
315 p 1 1 100 1 40 10 0;110-1;p1999867-1 100 315,110,122,125;
316 p 1 1 100 1 40 10 0;110-1;p2000187-1 100 316,110,122,125;
317 p 1 1 100 1 40 10 0;110-1;p2000086-1 100 317,110,122,125;
318 p 1 1 100 1 40 10 0;110-1;p2000060-1 100 318,110,122,125;
319 p 1 1 100 1 40 10 0;110-1;p1999811-1 100 319,110,122,125;
320 p 1 1 100 1 40 10 0;110-1;p2000183-1 100 320,110,122,125;
321 p 1 1 100 1 40 10 0;110-1;p1999813-1 100 321,110,122,125;
322 p 1 1 100 1 40 10 0;110-1;p2000082-1 100 322,110,122,125;
323 p 1 1 100 1 40 10 0;110-1;p1999823-1 100 323,110,122,125;
324 p 1 1 100 1 40 10 0;110-1;p1999818-1 100 324,110,122,125;
325 p 1 1 100 1 40 10 0;110-1;p2000180-1 100 325,110,122,125;
326 p 1 1 100 1 40 10 0;111-1;p1999846-1 100 326,111,123,125;
327 p 1 1 100 1 40 10 0;111-1;p2000147-1 100 327,111,123,125;
328 p 1 1 100 1 40 10 0;111-1;p2000194-1 100 328,111,123,125;
329 p 1 1 100 1 40 10 0;111-1;p1999861-1 100 329,111,123,125;
330 p 1 1 100 1 40 10 0;111-1;p1999940-1 100 330,111,123,125;
331 p 1 1 100 1 40 10 0;111-1;p1999974-1 100 331,111,123,125;
332 p 1 1 100 1 40 10 0;111-1;p2000197-1 100 332,111,123,125;
333 p 1 1 100 1 40 10 0;111-1;p1999962-1 100 333,111,123,125;
334 p 1 1 100 1 40 10 0;111-1;p2000140-1 100 334,111,123,125;
335 p 1 1 100 1 40 10 0;111-1;p1999867-1 100 335,111,123,125;
336 p 1 1 100 1 40 10 0;111-1;p2000187-1 100 336,111,123,125;
337 p 1 1 100 1 40 10 0;111-1;p2000086-1 100 337,111,123,125;
338 p 1 1 100 1 40 10 0;111-1;p2000060-1 100 338,111,123,125;
339 p 1 1 100 1 40 10 0;111-1;p1999811-1 100 339,111,123,125;
340 p 1 1 100 1 40 10 0;111-1;p2000183-1 100 340,111,123,125;
341 p 1 1 100 1 40 10 0;111-1;p1999813-1 100 341,111,123,125;
342 p 1 1 100 1 40 10 0;111-1;p2000082-1 100 342,111,123,125;
343 p 1 1 100 1 40 10 0;111-1;p1999823-1 100 343,111,123,125;
344 p 1 1 100 1 40 10 0;111-1;p1999818-1 100 344,111,123,125;
345 p 1 1 100 1 40 10 0;111-1;p2000180-1 100 345,111,123,125;
346 p 1 1 100 1 40 10 0;112-1;p1999846-1 100 346,112,123,125;
347 p 1 1 100 1 40 10 0;112-1;p2000147-1 100 347,112,123,125;
348 p 1 1 100 1 40 10 0;112-1;p2000194-1 100 348,112,123,125;
349 p 1 1 100 1 40 10 0;112-1;p1999861-1 100 349,112,123,125;
350 p 1 1 100 1 40 10 0;112-1;p1999940-1 100 350,112,123,125;
351 p 1 1 100 1 40 10 0;112-1;p1999974-1 100 351,112,123,125;
352 p 1 1 100 1 40 10 0;112-1;p2000197-1 100 352,112,123,125;
353 p 1 1 100 1 40 10 0;112-1;p1999962-1 100 353,112,123,125;
354 p 1 1 100 1 40 10 0;112-1;p2000140-1 100 354,112,123,125;
355 p 1 1 100 1 40 10 0;112-1;p1999867-1 100 355,112,123,125;
356 p 1 1 100 1 40 10 0;112-1;p2000187-1 100 356,112,123,125;
357 p 1 1 100 1 40 10 0;112-1;p2000086-1 100 357,112,123,125;
358 p 1 1 100 1 40 10 0;112-1;p2000060-1 100 358,112,123,125;
359 p 1 1 100 1 40 10 0;112-1;p1999811-1 100 359,112,123,125;
360 p 1 1 100 1 40 10 0;112-1;p2000183-1 100 360,112,123,125;
361 p 1 1 100 1 40 10 0;112-1;p1999813-1 100 361,112,123,125;
362 p 1 1 100 1 40 10 0;112-1;p2000082-1 100 362,112,123,125;
363 p 1 1 100 1 40 10 0;112-1;p1999823-1 100 363,112,123,125;
364 p 1 1 100 1 40 10 0;112-1;p1999818-1 100 364,112,123,125;
365 p 1 1 100 1 40 10 0;112-1;p2000180-1 100 365,112,123,125;
366 p 1 1 100 1 40 10 0;113-1;p1999846-1 100 366,113,123,125;
367 p 1 1 100 1 40 10 0;113-1;p2000147-1 100 367,113,123,125;
368 p 1 1 100 1 40 10 0;113-1;p2000194-1 100 368,113,123,125;
369 p 1 1 100 1 40 10 0;113-1;p1999861-1 100 369,113,123,125;
370 p 1 1 100 1 40 10 0;113-1;p1999940-1 100 370,113,123,125;
371 p 1 1 100 1 40 10 0;113-1;p1999974-1 100 371,113,123,125;
372 p 1 1 100 1 40 10 0;113-1;p2000197-1 100 372,113,123,125;
373 p 1 1 100 1 40 10 0;113-1;p1999962-1 100 373,113,123,125;
374 p 1 1 100 1 40 10 0;113-1;p2000140-1 100 374,113,123,125;
375 p 1 1 100 1 40 10 0;113-1;p1999867-1 100 375,113,123,125;
376 p 1 1 100 1 40 10 0;113-1;p2000187-1 100 376,113,123,125;
377 p 1 1 100 1 40 10 0;113-1;p2000086-1 100 377,113,123,125;
378 p 1 1 100 1 40 10 0;113-1;p2000060-1 100 378,113,123,125;
379 p 1 1 100 1 40 10 0;113-1;p1999811-1 100 379,113,123,125;
380 p 1 1 100 1 40 10 0;113-1;p2000183-1 100 380,113,123,125;
381 p 1 1 100 1 40 10 0;113-1;p1999813-1 100 381,113,123,125;
382 p 1 1 100 1 40 10 0;113-1;p2000082-1 100 382,113,123,125;
383 p 1 1 100 1 40 10 0;113-1;p1999823-1 100 383,113,123,125;
384 p 1 1 100 1 40 10 0;113-1;p1999818-1 100 384,113,123,125;
385 p 1 1 100 1 40 10 0;113-1;p2000180-1 100 385,113,123,125;
386 p 1 1 100 1 40 10 0;114-1;p1999846-1 100 386,114,123,125;
387 p 1 1 100 1 40 10 0;114-1;p2000147-1 100 387,114,123,125;
388 p 1 1 100 1 40 10 0;114-1;p2000194-1 100 388,114,123,125;
389 p 1 1 100 1 40 10 0;114-1;p1999861-1 100 389,114,123,125;
390 p 1 1 100 1 40 10 0;114-1;p1999940-1 100 390,114,123,125;
391 p 1 1 100 1 40 10 0;114-1;p1999974-1 100 391,114,123,125;
392 p 1 1 100 1 40 10 0;114-1;p2000197-1 100 392,114,123,125;
393 p 1 1 100 1 40 10 0;114-1;p1999962-1 100 393,114,123,125;
394 p 1 1 100 1 40 10 0;114-1;p2000140-1 100 394,114,123,125;
395 p 1 1 100 1 40 10 0;114-1;p1999867-1 100 395,114,123,125;
396 p 1 1 100 1 40 10 0;114-1;p2000187-1 100 396,114,123,125;
397 p 1 1 100 1 40 10 0;114-1;p2000086-1 100 397,114,123,125;
398 p 1 1 100 1 40 10 0;114-1;p2000060-1 100 398,114,123,125;
399 p 1 1 100 1 40 10 0;114-1;p1999811-1 100 399,114,123,125;
400 p 1 1 100 1 40 10 0;114-1;p2000183-1 100 400,114,123,125;
401 p 1 1 100 1 40 10 0;114-1;p1999813-1 100 401,114,123,125;
402 p 1 1 100 1 40 10 0;114-1;p2000082-1 100 402,114,123,125;
403 p 1 1 100 1 40 10 0;114-1;p1999823-1 100 403,114,123,125;
404 p 1 1 100 1 40 10 0;114-1;p1999818-1 100 404,114,123,125;
405 p 1 1 100 1 40 10 0;114-1;p2000180-1 100 405,114,123,125;
406 p 1 1 100 1 40 10 0;115-1;p1999846-1 100 406,115,123,125;
407 p 1 1 100 1 40 10 0;115-1;p2000147-1 100 407,115,123,125;
408 p 1 1 100 1 40 10 0;115-1;p2000194-1 100 408,115,123,125;
409 p 1 1 100 1 40 10 0;115-1;p1999861-1 100 409,115,123,125;
410 p 1 1 100 1 40 10 0;115-1;p1999940-1 100 410,115,123,125;
411 p 1 1 100 1 40 10 0;115-1;p1999974-1 100 411,115,123,125;
412 p 1 1 100 1 40 10 0;115-1;p2000197-1 100 412,115,123,125;
413 p 1 1 100 1 40 10 0;115-1;p1999962-1 100 413,115,123,125;
414 p 1 1 100 1 40 10 0;115-1;p2000140-1 100 414,115,123,125;
415 p 1 1 100 1 40 10 0;115-1;p1999867-1 100 415,115,123,125;
416 p 1 1 100 1 40 10 0;115-1;p2000187-1 100 416,115,123,125;
417 p 1 1 100 1 40 10 0;115-1;p2000086-1 100 417,115,123,125;
418 p 1 1 100 1 40 10 0;115-1;p2000060-1 100 418,115,123,125;
419 p 1 1 100 1 40 10 0;115-1;p1999811-1 100 419,115,123,125;
420 p 1 1 100 1 40 10 0;115-1;p2000183-1 100 420,115,123,125;
421 p 1 1 100 1 40 10 0;115-1;p1999813-1 100 421,115,123,125;
422 p 1 1 100 1 40 10 0;115-1;p2000082-1 100 422,115,123,125;
423 p 1 1 100 1 40 10 0;115-1;p1999823-1 100 423,115,123,125;
424 p 1 1 100 1 40 10 0;115-1;p1999818-1 100 424,115,123,125;
425 p 1 1 100 1 40 10 0;115-1;p2000180-1 100 425,115,123,125;
426 p 1 1 100 1 40 10 0;116-1;p1999846-1 100 426,116,124,125;
427 p 1 1 100 1 40 10 0;116-1;p2000147-1 100 427,116,124,125;
428 p 1 1 100 1 40 10 0;116-1;p2000194-1 100 428,116,124,125;
429 p 1 1 100 1 40 10 0;116-1;p1999861-1 100 429,116,124,125;
430 p 1 1 100 1 40 10 0;116-1;p1999940-1 100 430,116,124,125;
431 p 1 1 100 1 40 10 0;116-1;p1999974-1 100 431,116,124,125;
432 p 1 1 100 1 40 10 0;116-1;p2000197-1 100 432,116,124,125;
433 p 1 1 100 1 40 10 0;116-1;p1999962-1 100 433,116,124,125;
434 p 1 1 100 1 40 10 0;116-1;p2000140-1 100 434,116,124,125;
435 p 1 1 100 1 40 10 0;116-1;p1999867-1 100 435,116,124,125;
436 p 1 1 100 1 40 10 0;116-1;p2000187-1 100 436,116,124,125;
437 p 1 1 100 1 40 10 0;116-1;p2000086-1 100 437,116,124,125;
438 p 1 1 100 1 40 10 0;116-1;p2000060-1 100 438,116,124,125;
439 p 1 1 100 1 40 10 0;116-1;p1999811-1 100 439,116,124,125;
440 p 1 1 100 1 40 10 0;116-1;p2000183-1 100 440,116,124,125;
441 p 1 1 100 1 40 10 0;116-1;p1999813-1 100 441,116,124,125;
442 p 1 1 100 1 40 10 0;116-1;p2000082-1 100 442,116,124,125;
443 p 1 1 100 1 40 10 0;116-1;p1999823-1 100 443,116,124,125;
444 p 1 1 100 1 40 10 0;116-1;p1999818-1 100 444,116,124,125;
445 p 1 1 100 1 40 10 0;116-1;p2000180-1 100 445,116,124,125;
446 p 1 1 100 1 40 10 0;117-1;p1999846-1 100 446,117,124,125;
447 p 1 1 100 1 40 10 0;117-1;p2000147-1 100 447,117,124,125;
448 p 1 1 100 1 40 10 0;117-1;p2000194-1 100 448,117,124,125;
449 p 1 1 100 1 40 10 0;117-1;p1999861-1 100 449,117,124,125;
450 p 1 1 100 1 40 10 0;117-1;p1999940-1 100 450,117,124,125;
451 p 1 1 100 1 40 10 0;117-1;p1999974-1 100 451,117,124,125;
452 p 1 1 100 1 40 10 0;117-1;p2000197-1 100 452,117,124,125;
453 p 1 1 100 1 40 10 0;117-1;p1999962-1 100 453,117,124,125;
454 p 1 1 100 1 40 10 0;117-1;p2000140-1 100 454,117,124,125;
455 p 1 1 100 1 40 10 0;117-1;p1999867-1 100 455,117,124,125;
456 p 1 1 100 1 40 10 0;117-1;p2000187-1 100 456,117,124,125;
457 p 1 1 100 1 40 10 0;117-1;p2000086-1 100 457,117,124,125;
458 p 1 1 100 1 40 10 0;117-1;p2000060-1 100 458,117,124,125;
459 p 1 1 100 1 40 10 0;117-1;p1999811-1 100 459,117,124,125;
460 p 1 1 100 1 40 10 0;117-1;p2000183-1 100 460,117,124,125;
461 p 1 1 100 1 40 10 0;117-1;p1999813-1 100 461,117,124,125;
462 p 1 1 100 1 40 10 0;117-1;p2000082-1 100 462,117,124,125;
463 p 1 1 100 1 40 10 0;117-1;p1999823-1 100 463,117,124,125;
464 p 1 1 100 1 40 10 0;117-1;p1999818-1 100 464,117,124,125;
465 p 1 1 100 1 40 10 0;117-1;p2000180-1 100 465,117,124,125;
466 p 1 1 100 1 40 10 0;118-1;p1999846-1 100 466,118,124,125;
467 p 1 1 100 1 40 10 0;118-1;p2000147-1 100 467,118,124,125;
468 p 1 1 100 1 40 10 0;118-1;p2000194-1 100 468,118,124,125;
469 p 1 1 100 1 40 10 0;118-1;p1999861-1 100 469,118,124,125;
470 p 1 1 100 1 40 10 0;118-1;p1999940-1 100 470,118,124,125;
471 p 1 1 100 1 40 10 0;118-1;p1999974-1 100 471,118,124,125;
472 p 1 1 100 1 40 10 0;118-1;p2000197-1 100 472,118,124,125;
473 p 1 1 100 1 40 10 0;118-1;p1999962-1 100 473,118,124,125;
474 p 1 1 100 1 40 10 0;118-1;p2000140-1 100 474,118,124,125;
475 p 1 1 100 1 40 10 0;118-1;p1999867-1 100 475,118,124,125;
476 p 1 1 100 1 40 10 0;118-1;p2000187-1 100 476,118,124,125;
477 p 1 1 100 1 40 10 0;118-1;p2000086-1 100 477,118,124,125;
478 p 1 1 100 1 40 10 0;118-1;p2000060-1 100 478,118,124,125;
479 p 1 1 100 1 40 10 0;118-1;p1999811-1 100 479,118,124,125;
480 p 1 1 100 1 40 10 0;118-1;p2000183-1 100 480,118,124,125;
481 p 1 1 100 1 40 10 0;118-1;p1999813-1 100 481,118,124,125;
482 p 1 1 100 1 40 10 0;118-1;p2000082-1 100 482,118,124,125;
483 p 1 1 100 1 40 10 0;118-1;p1999823-1 100 483,118,124,125;
484 p 1 1 100 1 40 10 0;118-1;p1999818-1 100 484,118,124,125;
485 p 1 1 100 1 40 10 0;118-1;p2000180-1 100 485,118,124,125;
486 p 1 1 100 1 40 10 0;119-1;p1999846-1 100 486,119,124,125;
487 p 1 1 100 1 40 10 0;119-1;p2000147-1 100 487,119,124,125;
488 p 1 1 100 1 40 10 0;119-1;p2000194-1 100 488,119,124,125;
489 p 1 1 100 1 40 10 0;119-1;p1999861-1 100 489,119,124,125;
490 p 1 1 100 1 40 10 0;119-1;p1999940-1 100 490,119,124,125;
491 p 1 1 100 1 40 10 0;119-1;p1999974-1 100 491,119,124,125;
492 p 1 1 100 1 40 10 0;119-1;p2000197-1 100 492,119,124,125;
493 p 1 1 100 1 40 10 0;119-1;p1999962-1 100 493,119,124,125;
494 p 1 1 100 1 40 10 0;119-1;p2000140-1 100 494,119,124,125;
495 p 1 1 100 1 40 10 0;119-1;p1999867-1 100 495,119,124,125;
496 p 1 1 100 1 40 10 0;119-1;p2000187-1 100 496,119,124,125;
497 p 1 1 100 1 40 10 0;119-1;p2000086-1 100 497,119,124,125;
498 p 1 1 100 1 40 10 0;119-1;p2000060-1 100 498,119,124,125;
499 p 1 1 100 1 40 10 0;119-1;p1999811-1 100 499,119,124,125;
500 p 1 1 100 1 40 10 0;119-1;p2000183-1 100 500,119,124,125;
501 p 1 1 100 1 40 10 0;119-1;p1999813-1 100 501,119,124,125;
502 p 1 1 100 1 40 10 0;119-1;p2000082-1 100 502,119,124,125;
503 p 1 1 100 1 40 10 0;119-1;p1999823-1 100 503,119,124,125;
504 p 1 1 100 1 40 10 0;119-1;p1999818-1 100 504,119,124,125;
505 p 1 1 100 1 40 10 0;119-1;p2000180-1 100 505,119,124,125;
506 p 1 1 100 1 40 10 0;120-1;p1999846-1 100 506,120,124,125;
507 p 1 1 100 1 40 10 0;120-1;p2000147-1 100 507,120,124,125;
508 p 1 1 100 1 40 10 0;120-1;p2000194-1 100 508,120,124,125;
509 p 1 1 100 1 40 10 0;120-1;p1999861-1 100 509,120,124,125;
510 p 1 1 100 1 40 10 0;120-1;p1999940-1 100 510,120,124,125;
511 p 1 1 100 1 40 10 0;120-1;p1999974-1 100 511,120,124,125;
512 p 1 1 100 1 40 10 0;120-1;p2000197-1 100 512,120,124,125;
513 p 1 1 100 1 40 10 0;120-1;p1999962-1 100 513,120,124,125;
514 p 1 1 100 1 40 10 0;120-1;p2000140-1 100 514,120,124,125;
515 p 1 1 100 1 40 10 0;120-1;p1999867-1 100 515,120,124,125;
516 p 1 1 100 1 40 10 0;120-1;p2000187-1 100 516,120,124,125;
517 p 1 1 100 1 40 10 0;120-1;p2000086-1 100 517,120,124,125;
518 p 1 1 100 1 40 10 0;120-1;p2000060-1 100 518,120,124,125;
519 p 1 1 100 1 40 10 0;120-1;p1999811-1 100 519,120,124,125;
520 p 1 1 100 1 40 10 0;120-1;p2000183-1 100 520,120,124,125;
521 p 1 1 100 1 40 10 0;120-1;p1999813-1 100 521,120,124,125;
522 p 1 1 100 1 40 10 0;120-1;p2000082-1 100 522,120,124,125;
523 p 1 1 100 1 40 10 0;120-1;p1999823-1 100 523,120,124,125;
524 p 1 1 100 1 40 10 0;120-1;p1999818-1 100 524,120,124,125;
525 p 1 1 100 1 40 10 0;120-1;p2000180-1 100 525,120,124,125;
0 0
