R,34,1999879.000000,2988.869041,0.000000,2988.869041
R,52,1999825.000000,3120.849097,0.000000,3120.849097
R,88,1999973.000000,3032.240580,0.000000,3032.240580
R,56,1999837.000000,3179.489852,0.000000,3179.489852
R,74,2000042.000000,2976.905055,0.000000,2976.905055
R,12,2000048.000000,2972.494134,0.000000,2972.494134
R,30,1999973.000000,3079.127777,0.000000,3079.127777
R,18,1999828.000000,3237.219146,0.000000,3237.219146
R,3,1999813.000000,3261.752987,0.000000,3261.752987
R,38,1999969.000000,3151.994886,0.000000,3151.994886
R,65,2000170.000000,2984.511415,0.000000,2984.511415
R,94,2000127.000000,3043.426449,0.000000,3043.426449
R,5,2000091.000000,3089.122741,0.000000,3089.122741
R,17,1999988.000000,3212.028430,0.000000,3212.028430
R,41,1999830.000000,3371.685785,0.000000,3371.685785
R,78,1999956.000000,3272.127342,0.000000,3272.127342
R,33,2000029.000000,3203.828985,0.000000,3203.828985
R,73,1999953.000000,3305.932782,0.000000,3305.932782
R,29,1999837.000000,3439.037826,0.000000,3439.037826
R,62,2000104.000000,3214.473378,0.000000,3214.473378
R,53,2000024.000000,3310.670473,0.000000,3310.670473
R,42,2000074.000000,3263.553677,0.000000,3263.553677
R,69,1999971.000000,3407.968953,0.000000,3407.968953
R,79,2000166.000000,3271.097102,0.000000,3271.097102
R,95,1999942.000000,3528.423443,0.000000,3528.423443
R,54,2000123.000000,3376.825384,0.000000,3376.825384
R,61,2000132.000000,3374.018691,0.000000,3374.018691
R,93,1999814.000000,3694.177874,0.000000,3694.177874
R,0,2000109.000000,3406.869705,0.000000,3406.869705
R,15,2000172.000000,3360.820513,0.000000,3360.820513
R,46,2000148.000000,3392.416749,0.000000,3392.416749
R,21,1999931.000000,3644.733059,0.000000,3644.733059
R,27,1999926.000000,3659.393206,0.000000,3659.393206
R,32,1999950.000000,3643.263194,0.000000,3643.263194
R,63,2000104.000000,3537.570225,0.000000,3537.570225
R,85,1999923.000000,3724.848001,0.000000,3724.848001
R,1,1999807.000000,3844.407962,0.000000,3844.407962
R,19,2000085.000000,3583.622282,0.000000,3583.622282
R,22,2000198.000000,3512.862502,0.000000,3512.862502
R,47,1999910.000000,3817.485213,0.000000,3817.485213
R,70,2000191.000000,3542.879116,0.000000,3542.879116
R,84,1999819.000000,3943.447120,0.000000,3943.447120
R,60,2000051.000000,3724.332300,0.000000,3724.332300
R,4,1999843.000000,3943.752941,0.000000,3943.752941
R,26,2000148.000000,3643.453477,0.000000,3643.453477
R,67,2000104.000000,3689.760700,0.000000,3689.760700
R,89,2000135.000000,3665.166375,0.000000,3665.166375
R,6,2000151.000000,3722.353441,0.000000,3722.353441
R,80,1999974.000000,3924.282642,0.000000,3924.282642
R,71,1999882.000000,4032.737322,0.000000,4032.737322
R,68,1999958.000000,3970.461364,0.000000,3970.461364
R,48,1999987.000000,3989.545126,0.000000,3989.545126
R,36,2000168.000000,3851.888090,0.000000,3851.888090
R,83,1999946.000000,4086.493175,0.000000,4086.493175
R,90,2000111.000000,3931.257831,0.000000,3931.257831
R,11,2000199.000000,3881.710995,0.000000,3881.710995
R,25,2000124.000000,3972.020838,0.000000,3972.020838
R,57,2000191.000000,3913.150870,0.000000,3913.150870
R,31,1999858.000000,4265.778269,0.000000,4265.778269
R,50,1999822.000000,4308.508560,0.000000,4308.508560
R,77,1999907.000000,4225.667215,0.000000,4225.667215
R,92,2000126.000000,4052.151385,0.000000,4052.151385
R,10,2000051.000000,4182.138550,0.000000,4182.138550
R,81,1999946.000000,4303.878334,0.000000,4303.878334
R,87,1999846.000000,4455.225638,0.000000,4455.225638
R,96,2000075.000000,4230.822068,0.000000,4230.822068
R,40,2000141.000000,4202.447954,0.000000,4202.447954
R,82,2000165.000000,4219.475800,0.000000,4219.475800
R,49,2000153.000000,4273.779721,0.000000,4273.779721
R,20,1999967.000000,4462.487229,0.000000,4462.487229
R,51,2000178.000000,4321.830107,0.000000,4321.830107
R,99,2000059.000000,4479.000527,0.000000,4479.000527
R,35,2000094.000000,4550.226443,0.000000,4550.226443
R,66,2000098.000000,4562.935291,0.000000,4562.935291
R,97,2000055.000000,4617.118146,0.000000,4617.118146
R,16,1999987.000000,4696.695192,0.000000,4696.695192
R,28,1999830.000000,4937.093056,0.000000,4937.093056
R,37,1999813.000000,4965.726038,0.000000,4965.726038
R,14,2000003.000000,4794.312025,0.000000,4794.312025
R,55,1999878.000000,4970.919405,0.000000,4970.919405
R,9,2000163.000000,4734.667035,0.000000,4734.667035
R,43,1999940.000000,4969.907911,0.000000,4969.907911
R,23,2000111.000000,4810.268018,0.000000,4810.268018
R,2,1999874.000000,5050.492133,0.000000,5050.492133
R,24,1999975.000000,5080.508469,0.000000,5080.508469
R,76,1999885.000000,5177.787992,0.000000,5177.787992
R,39,2000184.000000,4960.055906,0.000000,4960.055906
R,91,1999854.000000,5305.330437,0.000000,5305.330437
R,86,2000155.000000,5031.342111,0.000000,5031.342111
R,64,2000134.000000,5226.066772,0.000000,5226.066772
R,44,2000079.000000,5299.620501,0.000000,5299.620501
R,59,1999949.000000,5477.754852,0.000000,5477.754852
R,58,1999852.000000,5709.355114,0.000000,5709.355114
R,98,2000087.000000,5482.158946,0.000000,5482.158946
R,7,1999807.000000,5783.709555,0.000000,5783.709555
R,45,2000195.000000,5445.228310,0.000000,5445.228310
R,75,1999891.000000,5761.981190,0.000000,5761.981190
R,8,1999894.000000,5829.906028,0.000000,5829.906028
R,13,2000074.000000,5654.700362,0.000000,5654.700362
R,72,2000089.000000,5740.564986,0.000000,5740.564986
R,100,3999614.000000,3033.179906,0.000000,3033.179906
R,109,3999660.000000,3084.477780,0.000000,3084.477780
R,102,3999626.000000,3155.385322,0.000000,3155.385322
R,136,3999906.000000,3035.318771,0.000000,3035.318771
R,143,3999946.000000,3040.485975,0.000000,3040.485975
R,128,3999852.000000,3171.974132,0.000000,3171.974132
R,117,3999716.000000,3406.281177,0.000000,3406.281177
R,104,3999628.000000,3550.066606,0.000000,3550.066606
R,132,3999892.000000,3303.895908,0.000000,3303.895908
R,149,4000006.000000,3199.756817,0.000000,3199.756817
R,111,3999674.000000,3532.120038,0.000000,3532.120038
R,150,4000048.000000,3170.203491,0.000000,3170.203491
R,130,3999880.000000,3369.943204,0.000000,3369.943204
R,101,3999614.000000,3641.001231,0.000000,3641.001231
R,125,3999814.000000,3441.524339,0.000000,3441.524339
R,120,3999758.000000,3498.643029,0.000000,3498.643029
R,141,3999942.000000,3376.282485,0.000000,3376.282485
R,153,4000096.000000,3245.981256,0.000000,3245.981256
R,171,4000218.000000,3171.185251,0.000000,3171.185251
R,122,3999770.000000,3646.450292,0.000000,3646.450292
R,177,4000254.000000,3186.371049,0.000000,3186.371049
R,112,3999674.000000,3769.667314,0.000000,3769.667314
R,127,3999846.000000,3610.713869,0.000000,3610.713869
R,190,4000336.000000,3123.161067,0.000000,3123.161067
R,167,4000196.000000,3264.539409,0.000000,3264.539409
R,152,4000084.000000,3418.050222,0.000000,3418.050222
R,107,3999650.000000,3881.531238,0.000000,3881.531238
R,137,3999912.000000,3639.216302,0.000000,3639.216302
R,156,4000110.000000,3442.600272,0.000000,3442.600272
R,146,3999974.000000,3580.023691,0.000000,3580.023691
R,196,4000382.000000,3182.583966,0.000000,3182.583966
R,186,4000310.000000,3280.532583,0.000000,3280.532583
R,166,4000188.000000,3405.537161,0.000000,3405.537161
R,168,4000208.000000,3388.272337,0.000000,3388.272337
R,116,3999708.000000,3900.886372,0.000000,3900.886372
R,118,3999748.000000,3869.990490,0.000000,3869.990490
R,121,3999764.000000,3874.179793,0.000000,3874.179793
R,189,4000332.000000,3352.983243,0.000000,3352.983243
R,197,4000390.000000,3296.966214,0.000000,3296.966214
R,134,3999898.000000,3801.850653,0.000000,3801.850653
R,165,4000182.000000,3535.426371,0.000000,3535.426371
R,192,4000344.000000,3374.810061,0.000000,3374.810061
R,151,4000058.000000,3666.887861,0.000000,3666.887861
R,142,3999946.000000,3779.738693,0.000000,3779.738693
R,191,4000340.000000,3391.737316,0.000000,3391.737316
R,157,4000118.000000,3625.956982,0.000000,3625.956982
R,161,4000158.000000,3608.660557,0.000000,3608.660557
R,129,3999862.000000,3913.438969,0.000000,3913.438969
R,172,4000222.000000,3598.787154,0.000000,3598.787154
R,169,4000208.000000,3636.002311,0.000000,3636.002311
R,114,3999692.000000,4169.965254,0.000000,4169.965254
R,131,3999884.000000,3994.769036,0.000000,3994.769036
R,115,3999704.000000,4222.462536,0.000000,4222.462536
R,123,3999782.000000,4175.072472,0.000000,4175.072472
R,193,4000356.000000,3630.052279,0.000000,3630.052279
R,180,4000270.000000,3725.120436,0.000000,3725.120436
R,105,3999638.000000,4397.893818,0.000000,4397.893818
R,170,4000208.000000,3827.997169,0.000000,3827.997169
R,119,3999756.000000,4304.400824,0.000000,4304.400824
R,183,4000296.000000,3776.822360,0.000000,3776.822360
R,139,3999934.000000,4236.543499,0.000000,4236.543499
R,133,3999892.000000,4278.645772,0.000000,4278.645772
R,135,3999900.000000,4285.514675,0.000000,4285.514675
R,110,3999660.000000,4547.176318,0.000000,4547.176318
R,145,3999950.000000,4373.701184,0.000000,4373.701184
R,179,4000268.000000,4083.194440,0.000000,4083.194440
R,108,3999656.000000,4729.735608,0.000000,4729.735608
R,174,4000246.000000,4153.622264,0.000000,4153.622264
R,164,4000178.000000,4254.997153,0.000000,4254.997153
R,162,4000170.000000,4349.716480,0.000000,4349.716480
R,163,4000174.000000,4404.926997,0.000000,4404.926997
R,194,4000368.000000,4274.971371,0.000000,4274.971371
R,184,4000302.000000,4430.721873,0.000000,4430.721873
R,181,4000282.000000,4461.516032,0.000000,4461.516032
R,138,3999916.000000,4925.644662,0.000000,4925.644662
R,188,4000330.000000,4521.468435,0.000000,4521.468435
R,175,4000248.000000,4631.236094,0.000000,4631.236094
R,113,3999686.000000,5196.168147,0.000000,5196.168147
R,106,3999644.000000,5242.587480,0.000000,5242.587480
R,159,4000148.000000,4764.614673,0.000000,4764.614673
R,103,3999626.000000,5400.887742,0.000000,5400.887742
R,182,4000296.000000,4732.626528,0.000000,4732.626528
R,199,4000398.000000,4648.306377,0.000000,4648.306377
R,140,3999938.000000,5118.593937,0.000000,5118.593937
R,148,3999976.000000,5120.326347,0.000000,5120.326347
R,195,4000382.000000,4723.297674,0.000000,4723.297674
R,160,4000150.000000,4957.548833,0.000000,4957.548833
R,198,4000396.000000,4720.053725,0.000000,4720.053725
R,126,3999820.000000,5343.617533,0.000000,5343.617533
R,154,4000102.000000,5144.155226,0.000000,5144.155226
R,173,4000222.000000,5061.150821,0.000000,5061.150821
R,176,4000252.000000,5098.567417,0.000000,5098.567417
R,187,4000326.000000,5104.825627,0.000000,5104.825627
R,147,3999974.000000,5484.779345,0.000000,5484.779345
R,185,4000306.000000,5215.076400,0.000000,5215.076400
R,124,3999788.000000,5776.657599,0.000000,5776.657599
R,158,4000148.000000,5433.806414,0.000000,5433.806414
R,144,3999948.000000,5634.490814,0.000000,5634.490814
R,178,4000264.000000,5431.792104,0.000000,5431.792104
R,155,4000102.000000,5706.313372,0.000000,5706.313372
R,210,5999490.000000,3008.576582,0.000000,3008.576582
R,212,5999511.000000,3012.547671,0.000000,3012.547671
R,201,5999421.000000,3411.332445,0.000000,3411.332445
R,237,5999868.000000,2975.292369,0.000000,2975.292369
R,219,5999634.000000,3260.733170,0.000000,3260.733170
R,235,5999850.000000,3052.346365,0.000000,3052.346365
R,203,5999439.000000,3470.263668,0.000000,3470.263668
R,211,5999511.000000,3404.439914,0.000000,3404.439914
R,223,5999673.000000,3304.261989,0.000000,3304.261989
R,204,5999442.000000,3545.828161,0.000000,3545.828161
R,215,5999556.000000,3474.716549,0.000000,3474.716549
R,214,5999538.000000,3497.401404,0.000000,3497.401404
R,202,5999439.000000,3628.247778,0.000000,3628.247778
R,240,5999907.000000,3171.873295,0.000000,3171.873295
R,251,6000087.000000,3062.293873,0.000000,3062.293873
R,234,5999847.000000,3316.580525,0.000000,3316.580525
R,231,5999826.000000,3351.137547,0.000000,3351.137547
R,205,5999457.000000,3789.279773,0.000000,3789.279773
R,250,6000072.000000,3183.487645,0.000000,3183.487645
R,256,6000165.000000,3154.448748,0.000000,3154.448748
R,213,5999529.000000,3818.697163,0.000000,3818.697163
R,207,5999475.000000,3914.279471,0.000000,3914.279471
R,254,6000153.000000,3263.568668,0.000000,3263.568668
R,282,6000444.000000,3019.054329,0.000000,3019.054329
R,230,5999820.000000,3648.578999,0.000000,3648.578999
R,236,5999859.000000,3611.471134,0.000000,3611.471134
R,260,6000225.000000,3288.962895,0.000000,3288.962895
R,278,6000396.000000,3126.314553,0.000000,3126.314553
R,265,6000273.000000,3250.351920,0.000000,3250.351920
R,274,6000369.000000,3162.909956,0.000000,3162.909956
R,253,6000144.000000,3406.820872,0.000000,3406.820872
R,245,5999925.000000,3633.775278,0.000000,3633.775278
R,285,6000459.000000,3112.918675,0.000000,3112.918675
R,209,5999490.000000,4106.328514,0.000000,4106.328514
R,281,6000423.000000,3178.805602,0.000000,3178.805602
R,289,6000498.000000,3130.153169,0.000000,3130.153169
R,287,6000489.000000,3167.429082,0.000000,3167.429082
R,273,6000333.000000,3325.917127,0.000000,3325.917127
R,239,5999901.000000,3791.143129,0.000000,3791.143129
R,288,6000495.000000,3197.758933,0.000000,3197.758933
R,226,5999730.000000,3977.555808,0.000000,3977.555808
R,286,6000465.000000,3280.642711,0.000000,3280.642711
R,217,5999574.000000,4194.440549,0.000000,4194.440549
R,255,6000153.000000,3636.983922,0.000000,3636.983922
R,266,6000282.000000,3509.690992,0.000000,3509.690992
R,276,6000378.000000,3416.649511,0.000000,3416.649511
R,228,5999778.000000,4047.644748,0.000000,4047.644748
R,229,5999793.000000,4034.160007,0.000000,4034.160007
R,283,6000444.000000,3399.604687,0.000000,3399.604687
R,295,6000573.000000,3296.135044,0.000000,3296.135044
R,257,6000177.000000,3699.279831,0.000000,3699.279831
R,259,6000222.000000,3674.085582,0.000000,3674.085582
R,216,5999562.000000,4368.808419,0.000000,4368.808419
R,262,6000255.000000,3680.905741,0.000000,3680.905741
R,296,6000573.000000,3397.048479,0.000000,3397.048479
R,233,5999838.000000,4157.199153,0.000000,4157.199153
R,263,6000261.000000,3748.787189,0.000000,3748.787189
R,249,6000009.000000,4007.537105,0.000000,4007.537105
R,298,6000594.000000,3431.391657,0.000000,3431.391657
R,277,6000381.000000,3682.626987,0.000000,3682.626987
R,222,5999655.000000,4435.706958,0.000000,4435.706958
R,264,6000267.000000,3835.818554,0.000000,3835.818554
R,290,6000504.000000,3599.643221,0.000000,3599.643221
R,241,5999913.000000,4197.479510,0.000000,4197.479510
R,292,6000516.000000,3624.784942,0.000000,3624.784942
R,247,5999961.000000,4184.898219,0.000000,4184.898219
R,232,5999838.000000,4310.178161,0.000000,4310.178161
R,280,6000405.000000,3806.748001,0.000000,3806.748001
R,225,5999721.000000,4504.025421,0.000000,4504.025421
R,261,6000237.000000,3989.929468,0.000000,3989.929468
R,200,5999421.000000,4837.441232,0.000000,4837.441232
R,252,6000126.000000,4153.870375,0.000000,4153.870375
R,243,5999919.000000,4447.848274,0.000000,4447.848274
R,242,5999919.000000,4522.903475,0.000000,4522.903475
R,224,5999682.000000,4784.201746,0.000000,4784.201746
R,299,6000597.000000,3940.016010,0.000000,3940.016010
R,272,6000333.000000,4243.891652,0.000000,4243.891652
R,220,5999637.000000,4957.303703,0.000000,4957.303703
R,267,6000294.000000,4327.256536,0.000000,4327.256536
R,268,6000312.000000,4334.631392,0.000000,4334.631392
R,206,5999466.000000,5273.379194,0.000000,5273.379194
R,269,6000312.000000,4579.924921,0.000000,4579.924921
R,208,5999484.000000,5517.738474,0.000000,5517.738474
R,271,6000327.000000,4711.019498,0.000000,4711.019498
R,221,5999646.000000,5459.618978,0.000000,5459.618978
R,293,6000534.000000,4589.260717,0.000000,4589.260717
R,218,5999622.000000,5549.968621,0.000000,5549.968621
R,294,6000552.000000,4641.473018,0.000000,4641.473018
R,284,6000453.000000,4842.573579,0.000000,4842.573579
R,279,6000402.000000,4902.000573,0.000000,4902.000573
R,238,5999874.000000,5495.344056,0.000000,5495.344056
R,291,6000510.000000,4994.256980,0.000000,4994.256980
R,227,5999769.000000,5738.477066,0.000000,5738.477066
R,297,6000585.000000,4949.418959,0.000000,4949.418959
R,275,6000372.000000,5186.048937,0.000000,5186.048937
R,244,5999922.000000,5637.852982,0.000000,5637.852982
R,248,5999964.000000,5615.047890,0.000000,5615.047890
R,258,6000222.000000,5366.524162,0.000000,5366.524162
R,246,5999961.000000,5753.888950,0.000000,5753.888950
R,270,6000312.000000,5731.265321,0.000000,5731.265321
R,304,7999256.000000,3061.212102,0.000000,3061.212102
R,301,7999228.000000,3165.129226,0.000000,3165.129226
R,320,7999516.000000,2976.162259,0.000000,2976.162259
R,315,7999408.000000,3091.244908,0.000000,3091.244908
R,300,7999228.000000,3345.206143,0.000000,3345.206143
R,328,7999704.000000,3026.273577,0.000000,3026.273577
R,318,7999496.000000,3260.847517,0.000000,3260.847517
R,314,7999384.000000,3397.217330,0.000000,3397.217330
R,321,7999528.000000,3324.327157,0.000000,3324.327157
R,313,7999372.000000,3520.435439,0.000000,3520.435439
R,316,7999416.000000,3516.920152,0.000000,3516.920152
R,312,7999348.000000,3620.998846,0.000000,3620.998846
R,337,7999824.000000,3146.500287,0.000000,3146.500287
R,348,7999952.000000,3081.683033,0.000000,3081.683033
R,311,7999348.000000,3705.242031,0.000000,3705.242031
R,310,7999320.000000,3781.868864,0.000000,3781.868864
R,335,7999800.000000,3325.894847,0.000000,3325.894847
R,349,8000012.000000,3126.901375,0.000000,3126.901375
R,336,7999812.000000,3345.435460,0.000000,3345.435460
R,341,7999884.000000,3275.323950,0.000000,3275.323950
R,344,7999896.000000,3367.544550,0.000000,3367.544550
R,350,8000096.000000,3182.143856,0.000000,3182.143856
R,357,8000236.000000,3102.543970,0.000000,3102.543970
R,326,7999640.000000,3702.594564,0.000000,3702.594564
R,302,7999252.000000,4113.434823,0.000000,4113.434823
R,370,8000416.000000,3094.939333,0.000000,3094.939333
R,355,8000204.000000,3371.543315,0.000000,3371.543315
R,363,8000348.000000,3294.616684,0.000000,3294.616684
R,354,8000204.000000,3442.623313,0.000000,3442.623313
R,388,8000660.000000,2995.660629,0.000000,2995.660629
R,368,8000416.000000,3282.413746,0.000000,3282.413746
R,347,7999948.000000,3752.942338,0.000000,3752.942338
R,359,8000296.000000,3412.626723,0.000000,3412.626723
R,319,7999512.000000,4224.640244,0.000000,4224.640244
R,324,7999576.000000,4195.712546,0.000000,4195.712546
R,366,8000376.000000,3397.131485,0.000000,3397.131485
R,369,8000416.000000,3364.047880,0.000000,3364.047880
R,342,7999892.000000,3907.002513,0.000000,3907.002513
R,364,8000356.000000,3449.627426,0.000000,3449.627426
R,377,8000508.000000,3331.128908,0.000000,3331.128908
R,353,8000192.000000,3650.029358,0.000000,3650.029358
R,392,8000688.000000,3156.272035,0.000000,3156.272035
R,397,8000780.000000,3089.563538,0.000000,3089.563538
R,343,7999892.000000,3991.928236,0.000000,3991.928236
R,339,7999868.000000,4026.132591,0.000000,4026.132591
R,378,8000528.000000,3387.573581,0.000000,3387.573581
R,386,8000620.000000,3314.798200,0.000000,3314.798200
R,340,7999876.000000,4084.723850,0.000000,4084.723850
R,330,7999760.000000,4213.381312,0.000000,4213.381312
R,317,7999432.000000,4588.109369,0.000000,4588.109369
R,375,8000496.000000,3553.695305,0.000000,3553.695305
R,360,8000300.000000,3767.855599,0.000000,3767.855599
R,385,8000612.000000,3461.572436,0.000000,3461.572436
R,352,8000168.000000,3914.781285,0.000000,3914.781285
R,307,7999300.000000,4788.260747,0.000000,4788.260747
R,367,8000392.000000,3765.104645,0.000000,3765.104645
R,362,8000340.000000,3840.710769,0.000000,3840.710769
R,383,8000592.000000,3593.863693,0.000000,3593.863693
R,331,7999768.000000,4456.284913,0.000000,4456.284913
R,389,8000664.000000,3585.210484,0.000000,3585.210484
R,306,7999288.000000,4977.517189,0.000000,4977.517189
R,372,8000444.000000,3939.118083,0.000000,3939.118083
R,322,7999540.000000,4844.508916,0.000000,4844.508916
R,308,7999312.000000,5186.066900,0.000000,5186.066900
R,309,7999320.000000,5179.660499,0.000000,5179.660499
R,323,7999564.000000,4955.128464,0.000000,4955.128464
R,327,7999692.000000,4849.247708,0.000000,4849.247708
R,345,7999900.000000,4686.131972,0.000000,4686.131972
R,332,7999784.000000,4841.751952,0.000000,4841.751952
R,391,8000680.000000,3951.745893,0.000000,3951.745893
R,325,7999628.000000,5027.270205,0.000000,5027.270205
R,387,8000652.000000,4058.702672,0.000000,4058.702672
R,329,7999724.000000,4996.848579,0.000000,4996.848579
R,305,7999276.000000,5484.640309,0.000000,5484.640309
R,303,7999252.000000,5570.330067,0.000000,5570.330067
R,356,8000220.000000,4621.520205,0.000000,4621.520205
R,373,8000444.000000,4411.911757,0.000000,4411.911757
R,384,8000604.000000,4321.649098,0.000000,4321.649098
R,333,7999784.000000,5168.497128,0.000000,5168.497128
R,371,8000436.000000,4521.234752,0.000000,4521.234752
R,399,8000796.000000,4235.354106,0.000000,4235.354106
R,358,8000296.000000,4835.734222,0.000000,4835.734222
R,390,8000672.000000,4485.557036,0.000000,4485.557036
R,398,8000792.000000,4440.512924,0.000000,4440.512924
R,346,7999948.000000,5301.610660,0.000000,5301.610660
R,379,8000536.000000,4755.155692,0.000000,4755.155692
R,334,7999796.000000,5532.733786,0.000000,5532.733786
R,380,8000540.000000,5017.503775,0.000000,5017.503775
R,351,8000116.000000,5465.444314,0.000000,5465.444314
R,338,7999832.000000,5780.188074,0.000000,5780.188074
R,361,8000316.000000,5509.065105,0.000000,5509.065105
R,395,8000764.000000,5068.295396,0.000000,5068.295396
R,396,8000764.000000,5069.679042,0.000000,5069.679042
R,374,8000492.000000,5502.536052,0.000000,5502.536052
R,394,8000736.000000,5260.419965,0.000000,5260.419965
R,365,8000364.000000,5654.644091,0.000000,5654.644091
R,381,8000564.000000,5476.551625,0.000000,5476.551625
R,393,8000712.000000,5417.955703,0.000000,5417.955703
R,382,8000592.000000,5608.079787,0.000000,5608.079787
R,376,8000504.000000,5785.556347,0.000000,5785.556347
R,400,9999035.000000,3077.742491,0.000000,3077.742491
R,406,9999110.000000,3040.268754,0.000000,3040.268754
R,414,9999230.000000,3057.586048,0.000000,3057.586048
R,416,9999270.000000,3052.356116,0.000000,3052.356116
R,411,9999185.000000,3163.056711,0.000000,3163.056711
R,408,9999140.000000,3220.077240,0.000000,3220.077240
R,410,9999150.000000,3287.681676,0.000000,3287.681676
R,409,9999150.000000,3331.479481,0.000000,3331.479481
R,425,9999535.000000,3173.900228,0.000000,3173.900228
R,417,9999290.000000,3421.391554,0.000000,3421.391554
R,419,9999390.000000,3322.060361,0.000000,3322.060361
R,403,9999065.000000,3658.016650,0.000000,3658.016650
R,435,9999750.000000,3095.926390,0.000000,3095.926390
R,412,9999185.000000,3676.730810,0.000000,3676.730810
R,429,9999655.000000,3245.832157,0.000000,3245.832157
R,407,9999125.000000,3777.159102,0.000000,3777.159102
R,436,9999765.000000,3206.947541,0.000000,3206.947541
R,430,9999700.000000,3281.466209,0.000000,3281.466209
R,431,9999710.000000,3311.316570,0.000000,3311.316570
R,404,9999070.000000,3953.528389,0.000000,3953.528389
R,434,9999745.000000,3308.145294,0.000000,3308.145294
R,401,9999035.000000,4126.123064,0.000000,4126.123064
R,405,9999095.000000,4156.307256,0.000000,4156.307256
R,442,9999865.000000,3426.971940,0.000000,3426.971940
R,448,9999940.000000,3373.613573,0.000000,3373.613573
R,454,10000255.000000,3117.939203,0.000000,3117.939203
R,433,9999730.000000,3654.224039,0.000000,3654.224039
R,420,9999395.000000,4032.019405,0.000000,4032.019405
R,424,9999470.000000,4010.141898,0.000000,4010.141898
R,453,10000240.000000,3265.729840,0.000000,3265.729840
R,466,10000470.000000,3069.091800,0.000000,3069.091800
R,467,10000490.000000,3049.929530,0.000000,3049.929530
R,402,9999065.000000,4496.538369,0.000000,4496.538369
R,465,10000455.000000,3162.933566,0.000000,3162.933566
R,458,10000370.000000,3271.484867,0.000000,3271.484867
R,473,10000555.000000,3124.779871,0.000000,3124.779871
R,438,9999790.000000,3896.222599,0.000000,3896.222599
R,413,9999215.000000,4481.179580,0.000000,4481.179580
R,483,10000740.000000,2995.611157,0.000000,2995.611157
R,481,10000705.000000,3043.479548,0.000000,3043.479548
R,474,10000615.000000,3159.787039,0.000000,3159.787039
R,471,10000545.000000,3287.130919,0.000000,3287.130919
R,415,9999260.000000,4578.458109,0.000000,4578.458109
R,475,10000620.000000,3237.815922,0.000000,3237.815922
R,494,10000920.000000,3044.473249,0.000000,3044.473249
R,464,10000445.000000,3524.711544,0.000000,3524.711544
R,495,10000955.000000,3019.547241,0.000000,3019.547241
R,451,10000145.000000,3832.065911,0.000000,3832.065911
R,444,9999870.000000,4132.604913,0.000000,4132.604913
R,461,10000395.000000,3725.601747,0.000000,3725.601747
R,482,10000740.000000,3406.458509,0.000000,3406.458509
R,443,9999865.000000,4289.379210,0.000000,4289.379210
R,478,10000660.000000,3512.831892,0.000000,3512.831892
R,432,9999730.000000,4474.138536,0.000000,4474.138536
R,463,10000435.000000,3796.616505,0.000000,3796.616505
R,468,10000520.000000,3785.755526,0.000000,3785.755526
R,421,9999410.000000,4930.997546,0.000000,4930.997546
R,493,10000890.000000,3474.248141,0.000000,3474.248141
R,447,9999935.000000,4476.304494,0.000000,4476.304494
R,477,10000635.000000,3777.257010,0.000000,3777.257010
R,428,9999630.000000,4783.827432,0.000000,4783.827432
R,484,10000755.000000,3674.273157,0.000000,3674.273157
R,437,9999780.000000,4669.711247,0.000000,4669.711247
R,496,10000955.000000,3519.883758,0.000000,3519.883758
R,488,10000825.000000,3659.343996,0.000000,3659.343996
R,418,9999370.000000,5137.910990,0.000000,5137.910990
R,452,10000210.000000,4397.947826,0.000000,4397.947826
R,426,9999550.000000,5100.680039,0.000000,5100.680039
R,479,10000670.000000,4018.621115,0.000000,4018.621115
R,462,10000425.000000,4318.273817,0.000000,4318.273817
R,489,10000830.000000,3924.619759,0.000000,3924.619759
R,445,9999875.000000,4909.721563,0.000000,4909.721563
R,476,10000630.000000,4194.286233,0.000000,4194.286233
R,492,10000860.000000,4017.106180,0.000000,4017.106180
R,498,10000990.000000,3930.151330,0.000000,3930.151330
R,446,9999935.000000,5075.678469,0.000000,5075.678469
R,423,9999455.000000,5560.204362,0.000000,5560.204362
R,460,10000375.000000,4646.422136,0.000000,4646.422136
R,449,10000015.000000,5104.507341,0.000000,5104.507341
R,490,10000840.000000,4293.907958,0.000000,4293.907958
R,422,9999425.000000,5724.428944,0.000000,5724.428944
R,480,10000675.000000,4532.935258,0.000000,4532.935258
R,455,10000255.000000,5001.779422,0.000000,5001.779422
R,440,9999845.000000,5422.274552,0.000000,5422.274552
R,459,10000370.000000,4905.770408,0.000000,4905.770408
R,485,10000765.000000,4565.599930,0.000000,4565.599930
R,427,9999615.000000,5728.999328,0.000000,5728.999328
R,456,10000275.000000,5119.409447,0.000000,5119.409447
R,441,9999855.000000,5616.671261,0.000000,5616.671261
R,439,9999835.000000,5659.094600,0.000000,5659.094600
R,469,10000520.000000,5027.076027,0.000000,5027.076027
R,450,10000120.000000,5473.166932,0.000000,5473.166932
R,491,10000850.000000,4756.931312,0.000000,4756.931312
R,487,10000815.000000,4839.774163,0.000000,4839.774163
R,497,10000975.000000,4688.011720,0.000000,4688.011720
R,499,10000995.000000,4696.625288,0.000000,4696.625288
R,470,10000520.000000,5239.284301,0.000000,5239.284301
R,486,10000775.000000,5118.857732,0.000000,5118.857732
R,457,10000295.000000,5624.046918,0.000000,5624.046918
R,472,10000555.000000,5399.912064,0.000000,5399.912064
R,517,11999148.000000,2980.986954,0.000000,2980.986954
R,503,11998878.000000,3319.013479,0.000000,3319.013479
R,515,11999112.000000,3234.401894,0.000000,3234.401894
R,526,11999460.000000,3015.776267,0.000000,3015.776267
R,500,11998842.000000,3643.915658,0.000000,3643.915658
R,510,11998980.000000,3598.865539,0.000000,3598.865539
R,511,11999022.000000,3629.171726,0.000000,3629.171726
R,524,11999364.000000,3328.938758,0.000000,3328.938758
R,528,11999556.000000,3156.071559,0.000000,3156.071559
R,536,11999718.000000,3209.004611,0.000000,3209.004611
R,508,11998968.000000,3966.448027,0.000000,3966.448027
R,501,11998842.000000,4108.669516,0.000000,4108.669516
R,535,11999700.000000,3339.496218,0.000000,3339.496218
R,544,11999844.000000,3200.408872,0.000000,3200.408872
R,523,11999346.000000,3714.959222,0.000000,3714.959222
R,520,11999274.000000,3899.355107,0.000000,3899.355107
R,516,11999124.000000,4050.443809,0.000000,4050.443809
R,542,11999838.000000,3358.059534,0.000000,3358.059534
R,540,11999814.000000,3393.070548,0.000000,3393.070548
R,539,11999802.000000,3413.463451,0.000000,3413.463451
R,509,11998980.000000,4363.246468,0.000000,4363.246468
R,552,12000252.000000,3094.429614,0.000000,3094.429614
R,507,11998950.000000,4413.129542,0.000000,4413.129542
R,529,11999586.000000,3839.897605,0.000000,3839.897605
R,564,12000534.000000,3021.913672,0.000000,3021.913672
R,545,11999850.000000,3710.437716,0.000000,3710.437716
R,514,11999076.000000,4534.834025,0.000000,4534.834025
R,533,11999676.000000,3946.796281,0.000000,3946.796281
R,567,12000588.000000,3095.578925,0.000000,3095.578925
R,572,12000666.000000,3060.315752,0.000000,3060.315752
R,505,11998914.000000,4843.809520,0.000000,4843.809520
R,527,11999538.000000,4251.289356,0.000000,4251.289356
R,565,12000546.000000,3260.098911,0.000000,3260.098911
R,534,11999694.000000,4118.412305,0.000000,4118.412305
R,538,11999748.000000,4083.814819,0.000000,4083.814819
R,546,11999922.000000,3957.287417,0.000000,3957.287417
R,521,11999292.000000,4592.799718,0.000000,4592.799718
R,504,11998884.000000,5035.006604,0.000000,5035.006604
R,537,11999736.000000,4192.823919,0.000000,4192.823919
R,518,11999244.000000,4752.532458,0.000000,4752.532458
R,582,12000888.000000,3124.864977,0.000000,3124.864977
R,576,12000756.000000,3296.437734,0.000000,3296.437734
R,588,12000990.000000,3085.169141,0.000000,3085.169141
R,584,12000906.000000,3177.740921,0.000000,3177.740921
R,579,12000804.000000,3284.878987,0.000000,3284.878987
R,531,11999652.000000,4461.777411,0.000000,4461.777411
R,571,12000654.000000,3478.604245,0.000000,3478.604245
R,549,12000018.000000,4116.000669,0.000000,4116.000669
R,577,12000762.000000,3426.384410,0.000000,3426.384410
R,547,11999922.000000,4279.129679,0.000000,4279.129679
R,532,11999676.000000,4533.535292,0.000000,4533.535292
R,502,11998878.000000,5345.730150,0.000000,5345.730150
R,591,12001020.000000,3233.926902,0.000000,3233.926902
R,506,11998932.000000,5327.525792,0.000000,5327.525792
R,513,11999058.000000,5207.980129,0.000000,5207.980129
R,599,12001194.000000,3075.289544,0.000000,3075.289544
R,586,12000930.000000,3442.664980,0.000000,3442.664980
R,530,11999640.000000,4745.071383,0.000000,4745.071383
R,512,11999022.000000,5366.255650,0.000000,5366.255650
R,578,12000792.000000,3597.799127,0.000000,3597.799127
R,563,12000522.000000,3887.751431,0.000000,3887.751431
R,519,11999268.000000,5230.785145,0.000000,5230.785145
R,551,12000174.000000,4331.590892,0.000000,4331.590892
R,569,12000624.000000,3937.602681,0.000000,3937.602681
R,568,12000624.000000,3964.047988,0.000000,3964.047988
R,566,12000564.000000,4032.034813,0.000000,4032.034813
R,556,12000330.000000,4336.483867,0.000000,4336.483867
R,525,11999442.000000,5230.092309,0.000000,5230.092309
R,596,12001146.000000,3570.968096,0.000000,3570.968096
R,555,12000306.000000,4435.741383,0.000000,4435.741383
R,585,12000918.000000,3849.622231,0.000000,3849.622231
R,561,12000474.000000,4355.322492,0.000000,4355.322492
R,589,12000996.000000,3914.979416,0.000000,3914.979416
R,595,12001146.000000,3856.616507,0.000000,3856.616507
R,553,12000288.000000,4718.684731,0.000000,4718.684731
R,550,12000144.000000,4880.299907,0.000000,4880.299907
R,522,11999310.000000,5748.802991,0.000000,5748.802991
R,541,11999826.000000,5308.214876,0.000000,5308.214876
R,559,12000444.000000,4697.477628,0.000000,4697.477628
R,543,11999838.000000,5353.869490,0.000000,5353.869490
R,575,12000744.000000,4470.847279,0.000000,4470.847279
R,548,11999928.000000,5290.997639,0.000000,5290.997639
R,597,12001170.000000,4070.868894,0.000000,4070.868894
R,558,12000444.000000,4810.400165,0.000000,4810.400165
R,557,12000354.000000,4902.358421,0.000000,4902.358421
R,574,12000738.000000,4545.847483,0.000000,4545.847483
R,594,12001104.000000,4208.638316,0.000000,4208.638316
R,573,12000666.000000,4647.017764,0.000000,4647.017764
R,554,12000306.000000,5021.277203,0.000000,5021.277203
R,560,12000450.000000,4944.088047,0.000000,4944.088047
R,583,12000888.000000,4506.443788,0.000000,4506.443788
R,581,12000846.000000,4604.441304,0.000000,4604.441304
R,570,12000624.000000,4916.137946,0.000000,4916.137946
R,593,12001068.000000,4528.911839,0.000000,4528.911839
R,587,12000978.000000,4620.808337,0.000000,4620.808337
R,562,12000510.000000,5433.627460,0.000000,5433.627460
R,598,12001188.000000,5080.269972,0.000000,5080.269972
R,590,12001008.000000,5295.720385,0.000000,5295.720385
R,592,12001032.000000,5378.236012,0.000000,5378.236012
R,580,12000810.000000,5749.632314,0.000000,5749.632314
R,605,13998733.000000,3232.620727,0.000000,3232.620727
R,616,13998978.000000,3025.337414,0.000000,3025.337414
R,614,13998922.000000,3151.559352,0.000000,3151.559352
R,611,13998859.000000,3226.837612,0.000000,3226.837612
R,604,13998698.000000,3477.962613,0.000000,3477.962613
R,608,13998796.000000,3549.986518,0.000000,3549.986518
R,609,13998810.000000,3575.399044,0.000000,3575.399044
R,622,13999195.000000,3190.409767,0.000000,3190.409767
R,621,13999174.000000,3254.980617,0.000000,3254.980617
R,618,13999118.000000,3408.981177,0.000000,3408.981177
R,624,13999258.000000,3374.919609,0.000000,3374.919609
R,606,13998754.000000,3916.247088,0.000000,3916.247088
R,627,13999461.000000,3246.847465,0.000000,3246.847465
R,619,13999146.000000,3595.881766,0.000000,3595.881766
R,628,13999482.000000,3306.562665,0.000000,3306.562665
R,607,13998775.000000,4030.779276,0.000000,4030.779276
R,615,13998964.000000,3910.666319,0.000000,3910.666319
R,610,13998810.000000,4107.013880,0.000000,4107.013880
R,646,13999909.000000,3037.548402,0.000000,3037.548402
R,632,13999622.000000,3350.753843,0.000000,3350.753843
R,613,13998901.000000,4251.218752,0.000000,4251.218752
R,617,13999006.000000,4176.610039,0.000000,4176.610039
R,643,13999811.000000,3461.063127,0.000000,3461.063127
R,600,13998649.000000,4652.274702,0.000000,4652.274702
R,630,13999580.000000,3742.005316,0.000000,3742.005316
R,642,13999811.000000,3517.245856,0.000000,3517.245856
R,641,13999797.000000,3540.506871,0.000000,3540.506871
R,653,14000336.000000,3025.810402,0.000000,3025.810402
R,644,13999818.000000,3570.115020,0.000000,3570.115020
R,620,13999153.000000,4309.438288,0.000000,4309.438288
R,637,13999692.000000,3786.326542,0.000000,3786.326542
R,625,13999349.000000,4271.331498,0.000000,4271.331498
R,601,13998649.000000,5046.311727,0.000000,5046.311727
R,634,13999643.000000,4121.261021,0.000000,4121.261021
R,657,14000413.000000,3354.739000,0.000000,3354.739000
R,668,14000728.000000,3172.752914,0.000000,3172.752914
R,603,13998691.000000,5209.868303,0.000000,5209.868303
R,602,13998691.000000,5254.623656,0.000000,5254.623656
R,660,14000525.000000,3434.779145,0.000000,3434.779145
R,662,14000595.000000,3431.172119,0.000000,3431.172119
R,626,13999370.000000,4695.534059,0.000000,4695.534059
R,629,13999517.000000,4558.968134,0.000000,4558.968134
R,664,14000623.000000,3455.868069,0.000000,3455.868069
R,656,14000385.000000,3707.904088,0.000000,3707.904088
R,667,14000686.000000,3419.471179,0.000000,3419.471179
R,612,13998859.000000,5270.148053,0.000000,5270.148053
R,635,13999650.000000,4539.244046,0.000000,4539.244046
R,639,13999769.000000,4443.154485,0.000000,4443.154485
R,659,14000518.000000,3699.425853,0.000000,3699.425853
R,665,14000637.000000,3594.889848,0.000000,3594.889848
R,678,14000924.000000,3340.138502,0.000000,3340.138502
R,647,13999909.000000,4373.957438,0.000000,4373.957438
R,648,13999916.000000,4401.577701,0.000000,4401.577701
R,684,14001057.000000,3307.661868,0.000000,3307.661868
R,674,14000861.000000,3511.857284,0.000000,3511.857284
R,638,13999706.000000,4677.097084,0.000000,4677.097084
R,685,14001071.000000,3344.871074,0.000000,3344.871074
R,671,14000763.000000,3678.434137,0.000000,3678.434137
R,651,14000203.000000,4253.636022,0.000000,4253.636022
R,649,14000021.000000,4443.515086,0.000000,4443.515086
R,686,14001085.000000,3412.369429,0.000000,3412.369429
R,640,13999783.000000,4734.431559,0.000000,4734.431559
R,698,14001386.000000,3133.004833,0.000000,3133.004833
R,631,13999594.000000,4934.418892,0.000000,4934.418892
R,683,14001036.000000,3514.091149,0.000000,3514.091149
R,669,14000728.000000,3836.397824,0.000000,3836.397824
R,677,14000889.000000,3723.262607,0.000000,3723.262607
R,636,13999671.000000,4949.985812,0.000000,4949.985812
R,675,14000868.000000,3765.060905,0.000000,3765.060905
R,623,13999237.000000,5442.038448,0.000000,5442.038448
R,699,14001393.000000,3351.862270,0.000000,3351.862270
R,673,14000777.000000,3968.116300,0.000000,3968.116300
R,697,14001365.000000,3384.475804,0.000000,3384.475804
R,693,14001246.000000,3521.120094,0.000000,3521.120094
R,681,14000987.000000,3781.510856,0.000000,3781.510856
R,633,13999622.000000,5151.636870,0.000000,5151.636870
R,696,14001337.000000,3473.962001,0.000000,3473.962001
R,695,14001337.000000,3515.677223,0.000000,3515.677223
R,661,14000553.000000,4350.374643,0.000000,4350.374643
R,670,14000728.000000,4215.417162,0.000000,4215.417162
R,652,14000294.000000,4650.801045,0.000000,4650.801045
R,688,14001155.000000,3799.396332,0.000000,3799.396332
R,654,14000357.000000,4603.840915,0.000000,4603.840915
R,655,14000357.000000,4692.446206,0.000000,4692.446206
R,658,14000518.000000,4576.645422,0.000000,4576.645422
R,650,14000168.000000,4983.939775,0.000000,4983.939775
R,676,14000882.000000,4310.913941,0.000000,4310.913941
R,689,14001162.000000,4145.465649,0.000000,4145.465649
R,645,13999825.000000,5483.269275,0.000000,5483.269275
R,691,14001190.000000,4190.272617,0.000000,4190.272617
R,682,14001036.000000,4529.244666,0.000000,4529.244666
R,687,14001141.000000,4479.900275,0.000000,4479.900275
R,666,14000658.000000,5143.528460,0.000000,5143.528460
R,663,14000609.000000,5666.751421,0.000000,5666.751421
R,694,14001288.000000,4990.042895,0.000000,4990.042895
R,672,14000777.000000,5617.317144,0.000000,5617.317144
R,690,14001176.000000,5258.488525,0.000000,5258.488525
R,692,14001204.000000,5281.292663,0.000000,5281.292663
R,679,14000938.000000,5662.151917,0.000000,5662.151917
R,680,14000945.000000,5784.906650,0.000000,5784.906650
R,703,15998504.000000,2982.890274,0.000000,2982.890274
R,706,15998576.000000,3114.882712,0.000000,3114.882712
R,708,15998624.000000,3092.903437,0.000000,3092.903437
R,707,15998600.000000,3224.420991,0.000000,3224.420991
R,705,15998552.000000,3416.853961,0.000000,3416.853961
R,711,15998696.000000,3350.655970,0.000000,3350.655970
R,704,15998512.000000,3568.422425,0.000000,3568.422425
R,712,15998696.000000,3405.349571,0.000000,3405.349571
R,714,15998768.000000,3374.230081,0.000000,3374.230081
R,718,15998992.000000,3241.489710,0.000000,3241.489710
R,719,15999024.000000,3351.284213,0.000000,3351.284213
R,710,15998640.000000,3937.606319,0.000000,3937.606319
R,709,15998640.000000,3944.353176,0.000000,3944.353176
R,732,15999568.000000,3018.715967,0.000000,3018.715967
R,702,15998504.000000,4083.638202,0.000000,4083.638202
R,725,15999256.000000,3334.382258,0.000000,3334.382258
R,724,15999152.000000,3605.138715,0.000000,3605.138715
R,736,15999624.000000,3134.581466,0.000000,3134.581466
R,729,15999448.000000,3360.588927,0.000000,3360.588927
R,747,15999896.000000,2996.902414,0.000000,2996.902414
R,713,15998744.000000,4205.020671,0.000000,4205.020671
R,741,15999768.000000,3227.529392,0.000000,3227.529392
R,740,15999752.000000,3273.796744,0.000000,3273.796744
R,733,15999568.000000,3463.829011,0.000000,3463.829011
R,743,15999784.000000,3251.493256,0.000000,3251.493256
R,716,15998832.000000,4270.137616,0.000000,4270.137616
R,720,15999032.000000,4139.350230,0.000000,4139.350230
R,730,15999520.000000,3744.611723,0.000000,3744.611723
R,738,15999664.000000,3648.611370,0.000000,3648.611370
R,737,15999648.000000,3679.726927,0.000000,3679.726927
R,728,15999408.000000,3931.648259,0.000000,3931.648259
R,700,15998456.000000,4883.852893,0.000000,4883.852893
R,715,15998816.000000,4558.444063,0.000000,4558.444063
R,746,15999896.000000,3478.710157,0.000000,3478.710157
R,745,15999800.000000,3591.617596,0.000000,3591.617596
R,755,16000408.000000,2985.860497,0.000000,2985.860497
R,752,16000336.000000,3175.931705,0.000000,3175.931705
R,754,16000408.000000,3242.409934,0.000000,3242.409934
R,726,15999280.000000,4384.229488,0.000000,4384.229488
R,760,16000600.000000,3070.200034,0.000000,3070.200034
R,723,15999128.000000,4585.684731,0.000000,4585.684731
R,761,16000632.000000,3111.947815,0.000000,3111.947815
R,734,15999592.000000,4154.333672,0.000000,4154.333672
R,765,16000728.000000,3039.547887,0.000000,3039.547887
R,721,15999056.000000,4739.811634,0.000000,4739.811634
R,748,15999904.000000,3896.125939,0.000000,3896.125939
R,766,16000752.000000,3089.278024,0.000000,3089.278024
R,731,15999536.000000,4314.118474,0.000000,4314.118474
R,742,15999784.000000,4093.954414,0.000000,4093.954414
R,750,16000192.000000,3733.484005,0.000000,3733.484005
R,701,15998456.000000,5503.839019,0.000000,5503.839019
R,727,15999384.000000,4628.168391,0.000000,4628.168391
R,763,16000696.000000,3339.085243,0.000000,3339.085243
R,739,15999736.000000,4316.680300,0.000000,4316.680300
R,775,16000992.000000,3094.207920,0.000000,3094.207920
R,758,16000592.000000,3540.068609,0.000000,3540.068609
R,780,16001080.000000,3065.336398,0.000000,3065.336398
R,735,15999600.000000,4561.176223,0.000000,4561.176223
R,771,16000872.000000,3291.382905,0.000000,3291.382905
R,776,16001008.000000,3246.567751,0.000000,3246.567751
R,767,16000784.000000,3571.924110,0.000000,3571.924110
R,722,15999080.000000,5348.737896,0.000000,5348.737896
R,783,16001184.000000,3247.244976,0.000000,3247.244976
R,788,16001320.000000,3120.988780,0.000000,3120.988780
R,717,15998864.000000,5614.739389,0.000000,5614.739389
R,764,16000712.000000,3830.696171,0.000000,3830.696171
R,756,16000440.000000,4153.410530,0.000000,4153.410530
R,791,16001360.000000,3360.887572,0.000000,3360.887572
R,759,16000592.000000,4162.946600,0.000000,4162.946600
R,792,16001376.000000,3419.647291,0.000000,3419.647291
R,757,16000472.000000,4399.168841,0.000000,4399.168841
R,753,16000384.000000,4506.770029,0.000000,4506.770029
R,751,16000232.000000,4684.883958,0.000000,4684.883958
R,784,16001208.000000,3710.534351,0.000000,3710.534351
R,749,16000024.000000,5001.611064,0.000000,5001.611064
R,744,15999792.000000,5355.805375,0.000000,5355.805375
R,762,16000680.000000,4545.025145,0.000000,4545.025145
R,774,16000984.000000,4302.461891,0.000000,4302.461891
R,768,16000832.000000,4506.205727,0.000000,4506.205727
R,772,16000888.000000,4514.063638,0.000000,4514.063638
R,798,16001584.000000,3830.387029,0.000000,3830.387029
R,769,16000832.000000,4593.601391,0.000000,4593.601391
R,786,16001240.000000,4231.395949,0.000000,4231.395949
R,773,16000888.000000,4660.670594,0.000000,4660.670594
R,778,16001056.000000,4502.379597,0.000000,4502.379597
R,793,16001424.000000,4251.854374,0.000000,4251.854374
R,777,16001016.000000,4667.547678,0.000000,4667.547678
R,789,16001328.000000,4437.653530,0.000000,4437.653530
R,781,16001128.000000,4658.576384,0.000000,4658.576384
R,779,16001072.000000,4717.719331,0.000000,4717.719331
R,795,16001528.000000,4404.531978,0.000000,4404.531978
R,785,16001224.000000,4725.971051,0.000000,4725.971051
R,799,16001592.000000,4380.866088,0.000000,4380.866088
R,787,16001304.000000,4868.631172,0.000000,4868.631172
R,770,16000832.000000,5525.845562,0.000000,5525.845562
R,782,16001184.000000,5251.186709,0.000000,5251.186709
R,797,16001560.000000,5060.258769,0.000000,5060.258769
R,794,16001472.000000,5221.797138,0.000000,5221.797138
R,790,16001344.000000,5491.618649,0.000000,5491.618649
R,796,16001528.000000,5636.816339,0.000000,5636.816339
R,803,17998317.000000,3160.109408,0.000000,3160.109408
R,816,17998686.000000,2994.147259,0.000000,2994.147259
R,809,17998470.000000,3347.104153,0.000000,3347.104153
R,817,17998722.000000,3134.844845,0.000000,3134.844845
R,801,17998263.000000,3667.606560,0.000000,3667.606560
R,808,17998452.000000,3544.944356,0.000000,3544.944356
R,800,17998263.000000,3739.955243,0.000000,3739.955243
R,810,17998470.000000,3539.013290,0.000000,3539.013290
R,807,17998425.000000,3604.933967,0.000000,3604.933967
R,823,17999019.000000,3067.104983,0.000000,3067.104983
R,802,17998317.000000,3822.104753,0.000000,3822.104753
R,824,17999046.000000,3222.691596,0.000000,3222.691596
R,811,17998533.000000,3865.914004,0.000000,3865.914004
R,812,17998533.000000,3894.042556,0.000000,3894.042556
R,828,17999334.000000,3200.607627,0.000000,3200.607627
R,834,17999541.000000,3021.652252,0.000000,3021.652252
R,831,17999478.000000,3177.221191,0.000000,3177.221191
R,815,17998668.000000,4028.249240,0.000000,4028.249240
R,814,17998614.000000,4103.147178,0.000000,4103.147178
R,805,17998371.000000,4397.360571,0.000000,4397.360571
R,841,17999739.000000,3051.178723,0.000000,3051.178723
R,842,17999757.000000,3053.344712,0.000000,3053.344712
R,825,17999163.000000,3720.821501,0.000000,3720.821501
R,832,17999514.000000,3389.779478,0.000000,3389.779478
R,804,17998326.000000,4693.994358,0.000000,4693.994358
R,844,17999766.000000,3309.409207,0.000000,3309.409207
R,845,17999775.000000,3318.993783,0.000000,3318.993783
R,826,17999190.000000,3907.846861,0.000000,3907.846861
R,806,17998398.000000,4702.335879,0.000000,4702.335879
R,821,17998938.000000,4192.028459,0.000000,4192.028459
R,829,17999379.000000,3850.458896,0.000000,3850.458896
R,847,17999883.000000,3350.147392,0.000000,3350.147392
R,846,17999883.000000,3362.248591,0.000000,3362.248591
R,822,17998965.000000,4412.024550,0.000000,4412.024550
R,827,17999307.000000,4174.396269,0.000000,4174.396269
R,813,17998587.000000,4932.935665,0.000000,4932.935665
R,848,17999892.000000,3632.569158,0.000000,3632.569158
R,837,17999604.000000,3981.612638,0.000000,3981.612638
R,833,17999514.000000,4109.731469,0.000000,4109.731469
R,860,18000675.000000,3050.157324,0.000000,3050.157324
R,858,18000666.000000,3099.432874,0.000000,3099.432874
R,861,18000711.000000,3077.643675,0.000000,3077.643675
R,852,18000378.000000,3463.512448,0.000000,3463.512448
R,867,18000882.000000,2984.039172,0.000000,2984.039172
R,854,18000459.000000,3442.009747,0.000000,3442.009747
R,862,18000765.000000,3177.977986,0.000000,3177.977986
R,864,18000801.000000,3174.781453,0.000000,3174.781453
R,869,18000936.000000,3055.784154,0.000000,3055.784154
R,839,17999703.000000,4291.617116,0.000000,4291.617116
R,851,18000261.000000,3764.218110,0.000000,3764.218110
R,840,17999721.000000,4338.927545,0.000000,4338.927545
R,820,17998911.000000,5299.680642,0.000000,5299.680642
R,865,18000819.000000,3474.445705,0.000000,3474.445705
R,819,17998902.000000,5394.222644,0.000000,5394.222644
R,835,17999550.000000,4794.942762,0.000000,4794.942762
R,872,18000999.000000,3410.367437,0.000000,3410.367437
R,881,18001269.000000,3196.710924,0.000000,3196.710924
R,863,18000783.000000,3727.743096,0.000000,3727.743096
R,818,17998866.000000,5663.728348,0.000000,5663.728348
R,889,18001494.000000,3088.282686,0.000000,3088.282686
R,868,18000936.000000,3653.069382,0.000000,3653.069382
R,859,18000666.000000,3933.321581,0.000000,3933.321581
R,893,18001602.000000,3095.136165,0.000000,3095.136165
R,830,17999460.000000,5272.867357,0.000000,5272.867357
R,838,17999622.000000,5181.440532,0.000000,5181.440532
R,887,18001467.000000,3337.773301,0.000000,3337.773301
R,898,18001782.000000,3053.753070,0.000000,3053.753070
R,857,18000531.000000,4317.628521,0.000000,4317.628521
R,892,18001548.000000,3320.185818,0.000000,3320.185818
R,871,18000981.000000,3916.381961,0.000000,3916.381961
R,897,18001755.000000,3181.134368,0.000000,3181.134368
R,855,18000459.000000,4516.555875,0.000000,4516.555875
R,856,18000495.000000,4488.593691,0.000000,4488.593691
R,876,18001134.000000,3887.965248,0.000000,3887.965248
R,870,18000936.000000,4090.015714,0.000000,4090.015714
R,899,18001791.000000,3266.944752,0.000000,3266.944752
R,879,18001206.000000,3903.350788,0.000000,3903.350788
R,885,18001377.000000,3777.471556,0.000000,3777.471556
R,836,17999577.000000,5620.667263,0.000000,5620.667263
R,866,18000846.000000,4446.232507,0.000000,4446.232507
R,843,17999757.000000,5674.122740,0.000000,5674.122740
R,896,18001719.000000,3726.642825,0.000000,3726.642825
R,875,18001116.000000,4393.244537,0.000000,4393.244537
R,853,18000432.000000,5103.582181,0.000000,5103.582181
R,891,18001530.000000,4028.866700,0.000000,4028.866700
R,883,18001332.000000,4311.135065,0.000000,4311.135065
R,849,18000027.000000,5643.760531,0.000000,5643.760531
R,880,18001215.000000,4467.201192,0.000000,4467.201192
R,850,18000216.000000,5499.537346,0.000000,5499.537346
R,890,18001512.000000,4206.439175,0.000000,4206.439175
R,877,18001143.000000,4756.789662,0.000000,4756.789662
R,873,18000999.000000,5034.614862,0.000000,5034.614862
R,878,18001188.000000,5006.622908,0.000000,5006.622908
R,894,18001656.000000,4642.644313,0.000000,4642.644313
R,884,18001359.000000,5188.810407,0.000000,5188.810407
R,874,18001107.000000,5518.930054,0.000000,5518.930054
R,895,18001719.000000,5061.939161,0.000000,5061.939161
R,888,18001485.000000,5380.439354,0.000000,5380.439354
R,882,18001332.000000,5784.179509,0.000000,5784.179509
R,886,18001395.000000,5785.288730,0.000000,5785.288730
R,901,19998070.000000,3297.857683,0.000000,3297.857683
R,902,19998130.000000,3248.030283,0.000000,3248.030283
R,906,19998220.000000,3184.778119,0.000000,3184.778119
R,907,19998250.000000,3340.168396,0.000000,3340.168396
R,916,19998540.000000,3087.361719,0.000000,3087.361719
R,903,19998130.000000,3544.894776,0.000000,3544.894776
R,920,19998790.000000,3100.918441,0.000000,3100.918441
R,914,19998460.000000,3705.276042,0.000000,3705.276042
R,911,19998370.000000,3863.375982,0.000000,3863.375982
R,904,19998140.000000,4101.485193,0.000000,4101.485193
R,926,19999100.000000,3269.568917,0.000000,3269.568917
R,915,19998520.000000,3897.096601,0.000000,3897.096601
R,931,19999420.000000,3020.054569,0.000000,3020.054569
R,922,19998850.000000,3655.210543,0.000000,3655.210543
R,924,19998940.000000,3594.001828,0.000000,3594.001828
R,913,19998430.000000,4115.354807,0.000000,4115.354807
R,919,19998780.000000,3772.061310,0.000000,3772.061310
R,921,19998820.000000,3794.943401,0.000000,3794.943401
R,908,19998280.000000,4371.255255,0.000000,4371.255255
R,917,19998580.000000,4087.665368,0.000000,4087.665368
R,941,19999710.000000,3103.702655,0.000000,3103.702655
R,942,19999730.000000,3166.462248,0.000000,3166.462248
R,930,19999400.000000,3504.407271,0.000000,3504.407271
R,905,19998190.000000,4751.221794,0.000000,4751.221794
R,928,19999260.000000,3716.740196,0.000000,3716.740196
R,943,19999730.000000,3341.203798,0.000000,3341.203798
R,925,19999070.000000,4017.083867,0.000000,4017.083867
R,912,19998370.000000,4739.650172,0.000000,4739.650172
R,929,19999310.000000,3827.510413,0.000000,3827.510413
R,900,19998070.000000,5076.831342,0.000000,5076.831342
R,948,19999880.000000,3281.768893,0.000000,3281.768893
R,939,19999670.000000,3611.999624,0.000000,3611.999624
R,918,19998740.000000,4771.468841,0.000000,4771.468841
R,947,19999870.000000,3722.995544,0.000000,3722.995544
R,945,19999750.000000,3904.115811,0.000000,3904.115811
R,927,19999230.000000,4437.397173,0.000000,4437.397173
R,910,19998300.000000,5373.267541,0.000000,5373.267541
R,936,19999530.000000,4163.019947,0.000000,4163.019947
R,923,19998910.000000,4835.791308,0.000000,4835.791308
R,909,19998300.000000,5459.095489,0.000000,5459.095489
R,954,20000510.000000,3344.384014,0.000000,3344.384014
R,965,20000910.000000,2974.247931,0.000000,2974.247931
R,958,20000740.000000,3153.775777,0.000000,3153.775777
R,953,20000480.000000,3448.500980,0.000000,3448.500980
R,932,19999460.000000,4494.536168,0.000000,4494.536168
R,946,19999870.000000,4137.731607,0.000000,4137.731607
R,972,20001110.000000,2974.727576,0.000000,2974.727576
R,944,19999740.000000,4349.287190,0.000000,4349.287190
R,951,20000290.000000,3804.018350,0.000000,3804.018350
R,973,20001110.000000,2984.447809,0.000000,2984.447809
R,964,20000890.000000,3319.951606,0.000000,3319.951606
R,969,20001040.000000,3204.301360,0.000000,3204.301360
R,961,20000790.000000,3570.177155,0.000000,3570.177155
R,975,20001240.000000,3168.098683,0.000000,3168.098683
R,938,19999580.000000,4908.573628,0.000000,4908.573628
R,956,20000550.000000,3965.608267,0.000000,3965.608267
R,980,20001350.000000,3166.991925,0.000000,3166.991925
R,955,20000510.000000,4042.658468,0.000000,4042.658468
R,933,19999460.000000,5117.455539,0.000000,5117.455539
R,937,19999560.000000,5083.469871,0.000000,5083.469871
R,986,20001550.000000,3101.605310,0.000000,3101.605310
R,959,20000740.000000,3947.395007,0.000000,3947.395007
R,976,20001260.000000,3479.801987,0.000000,3479.801987
R,978,20001320.000000,3429.391407,0.000000,3429.391407
R,960,20000750.000000,4014.224689,0.000000,4014.224689
R,952,20000420.000000,4357.265879,0.000000,4357.265879
R,950,20000240.000000,4664.143452,0.000000,4664.143452
R,992,20001720.000000,3257.171549,0.000000,3257.171549
R,949,20000030.000000,4963.865439,0.000000,4963.865439
R,968,20001040.000000,3979.895761,0.000000,3979.895761
R,966,20000940.000000,4120.844438,0.000000,4120.844438
R,934,19999490.000000,5585.785667,0.000000,5585.785667
R,985,20001530.000000,3595.808014,0.000000,3595.808014
R,994,20001840.000000,3354.176436,0.000000,3354.176436
R,988,20001650.000000,3562.367950,0.000000,3562.367950
R,998,20001980.000000,3234.061143,0.000000,3234.061143
R,983,20001480.000000,3773.547626,0.000000,3773.547626
R,935,19999500.000000,5769.148091,0.000000,5769.148091
R,997,20001950.000000,3357.006967,0.000000,3357.006967
R,940,19999690.000000,5676.414017,0.000000,5676.414017
R,977,20001270.000000,4124.437303,0.000000,4124.437303
R,971,20001090.000000,4376.304938,0.000000,4376.304938
R,981,20001410.000000,4060.373250,0.000000,4060.373250
R,991,20001700.000000,3782.196308,0.000000,3782.196308
R,963,20000870.000000,4613.567814,0.000000,4613.567814
R,962,20000850.000000,4768.088746,0.000000,4768.088746
R,987,20001630.000000,4039.572670,0.000000,4039.572670
R,967,20000980.000000,4737.140275,0.000000,4737.140275
R,979,20001340.000000,4503.401295,0.000000,4503.401295
R,984,20001510.000000,4336.601179,0.000000,4336.601179
R,970,20001040.000000,4936.469515,0.000000,4936.469515
R,957,20000590.000000,5489.541096,0.000000,5489.541096
R,990,20001680.000000,4807.728546,0.000000,4807.728546
R,993,20001780.000000,4723.846009,0.000000,4723.846009
R,996,20001910.000000,4609.009851,0.000000,4609.009851
R,982,20001480.000000,5114.857736,0.000000,5114.857736
R,974,20001230.000000,5408.946748,0.000000,5408.946748
R,995,20001910.000000,4745.110029,0.000000,4745.110029
R,989,20001660.000000,5703.492250,0.000000,5703.492250
R,999,20001990.000000,5574.770013,0.000000,5574.770013
