1 p 1 1 100 1 40 10 0;201-1;p1999998-1 100 1,201,221,225;
2 p 1 1 100 1 40 10 0;201-1;p2000154-1 100 2,201,221,225;
3 p 1 1 100 1 40 10 0;201-1;p2000002-1 100 3,201,221,225;
4 p 1 1 100 1 40 10 0;201-1;p1999844-1 100 4,201,221,225;
5 p 1 1 100 1 40 10 0;201-1;p1999951-1 100 5,201,221,225;
6 p 1 1 100 1 40 10 0;201-1;p1999826-1 100 6,201,221,225;
7 p 1 1 100 1 40 10 0;201-1;p2000037-1 100 7,201,221,225;
8 p 1 1 100 1 40 10 0;201-1;p2000002-1 100 8,201,221,225;
9 p 1 1 100 1 40 10 0;201-1;p1999829-1 100 9,201,221,225;
10 p 1 1 100 1 40 10 0;201-1;p2000093-1 100 10,201,221,225;
11 p 1 1 100 1 40 10 0;202-1;p1999943-1 100 11,202,221,225;
12 p 1 1 100 1 40 10 0;202-1;p2000188-1 100 12,202,221,225;
13 p 1 1 100 1 40 10 0;202-1;p1999993-1 100 13,202,221,225;
14 p 1 1 100 1 40 10 0;202-1;p2000092-1 100 14,202,221,225;
15 p 1 1 100 1 40 10 0;202-1;p2000068-1 100 15,202,221,225;
16 p 1 1 100 1 40 10 0;202-1;p1999820-1 100 16,202,221,225;
17 p 1 1 100 1 40 10 0;202-1;p1999813-1 100 17,202,221,225;
18 p 1 1 100 1 40 10 0;202-1;p1999859-1 100 18,202,221,225;
19 p 1 1 100 1 40 10 0;202-1;p2000159-1 100 19,202,221,225;
20 p 1 1 100 1 40 10 0;202-1;p2000116-1 100 20,202,221,225;
21 p 1 1 100 1 40 10 0;203-1;p1999977-1 100 21,203,221,225;
22 p 1 1 100 1 40 10 0;203-1;p2000094-1 100 22,203,221,225;
23 p 1 1 100 1 40 10 0;203-1;p2000029-1 100 23,203,221,225;
24 p 1 1 100 1 40 10 0;203-1;p1999863-1 100 24,203,221,225;
25 p 1 1 100 1 40 10 0;203-1;p1999972-1 100 25,203,221,225;
26 p 1 1 100 1 40 10 0;203-1;p2000167-1 100 26,203,221,225;
27 p 1 1 100 1 40 10 0;203-1;p2000097-1 100 27,203,221,225;
28 p 1 1 100 1 40 10 0;203-1;p2000067-1 100 28,203,221,225;
29 p 1 1 100 1 40 10 0;203-1;p2000071-1 100 29,203,221,225;
30 p 1 1 100 1 40 10 0;203-1;p1999839-1 100 30,203,221,225;
31 p 1 1 100 1 40 10 0;204-1;p2000052-1 100 31,204,221,225;
32 p 1 1 100 1 40 10 0;204-1;p1999838-1 100 32,204,221,225;
33 p 1 1 100 1 40 10 0;204-1;p1999823-1 100 33,204,221,225;
34 p 1 1 100 1 40 10 0;204-1;p2000042-1 100 34,204,221,225;
35 p 1 1 100 1 40 10 0;204-1;p1999907-1 100 35,204,221,225;
36 p 1 1 100 1 40 10 0;204-1;p1999986-1 100 36,204,221,225;
37 p 1 1 100 1 40 10 0;204-1;p1999980-1 100 37,204,221,225;
38 p 1 1 100 1 40 10 0;204-1;p2000131-1 100 38,204,221,225;
39 p 1 1 100 1 40 10 0;204-1;p1999815-1 100 39,204,221,225;
40 p 1 1 100 1 40 10 0;204-1;p2000163-1 100 40,204,221,225;
41 p 1 1 100 1 40 10 0;205-1;p2000068-1 100 41,205,221,225;
42 p 1 1 100 1 40 10 0;205-1;p2000139-1 100 42,205,221,225;
43 p 1 1 100 1 40 10 0;205-1;p1999810-1 100 43,205,221,225;
44 p 1 1 100 1 40 10 0;205-1;p1999919-1 100 44,205,221,225;
45 p 1 1 100 1 40 10 0;205-1;p2000188-1 100 45,205,221,225;
46 p 1 1 100 1 40 10 0;205-1;p2000067-1 100 46,205,221,225;
47 p 1 1 100 1 40 10 0;205-1;p1999980-1 100 47,205,221,225;
48 p 1 1 100 1 40 10 0;205-1;p2000143-1 100 48,205,221,225;
49 p 1 1 100 1 40 10 0;205-1;p1999921-1 100 49,205,221,225;
50 p 1 1 100 1 40 10 0;205-1;p1999807-1 100 50,205,221,225;
51 p 1 1 100 1 40 10 0;206-1;p2000024-1 100 51,206,222,225;
52 p 1 1 100 1 40 10 0;206-1;p2000155-1 100 52,206,222,225;
53 p 1 1 100 1 40 10 0;206-1;p2000122-1 100 53,206,222,225;
54 p 1 1 100 1 40 10 0;206-1;p2000163-1 100 54,206,222,225;
55 p 1 1 100 1 40 10 0;206-1;p1999987-1 100 55,206,222,225;
56 p 1 1 100 1 40 10 0;206-1;p1999927-1 100 56,206,222,225;
57 p 1 1 100 1 40 10 0;206-1;p2000056-1 100 57,206,222,225;
58 p 1 1 100 1 40 10 0;206-1;p1999880-1 100 58,206,222,225;
59 p 1 1 100 1 40 10 0;206-1;p1999835-1 100 59,206,222,225;
60 p 1 1 100 1 40 10 0;206-1;p2000072-1 100 60,206,222,225;
61 p 1 1 100 1 40 10 0;207-1;p1999901-1 100 61,207,222,225;
62 p 1 1 100 1 40 10 0;207-1;p2000171-1 100 62,207,222,225;
63 p 1 1 100 1 40 10 0;207-1;p1999866-1 100 63,207,222,225;
64 p 1 1 100 1 40 10 0;207-1;p1999985-1 100 64,207,222,225;
65 p 1 1 100 1 40 10 0;207-1;p1999804-1 100 65,207,222,225;
66 p 1 1 100 1 40 10 0;207-1;p2000153-1 100 66,207,222,225;
67 p 1 1 100 1 40 10 0;207-1;p2000063-1 100 67,207,222,225;
68 p 1 1 100 1 40 10 0;207-1;p2000028-1 100 68,207,222,225;
69 p 1 1 100 1 40 10 0;207-1;p2000020-1 100 69,207,222,225;
70 p 1 1 100 1 40 10 0;207-1;p2000165-1 100 70,207,222,225;
71 p 1 1 100 1 40 10 0;208-1;p1999888-1 100 71,208,222,225;
72 p 1 1 100 1 40 10 0;208-1;p1999820-1 100 72,208,222,225;
73 p 1 1 100 1 40 10 0;208-1;p1999998-1 100 73,208,222,225;
74 p 1 1 100 1 40 10 0;208-1;p1999927-1 100 74,208,222,225;
75 p 1 1 100 1 40 10 0;208-1;p1999871-1 100 75,208,222,225;
76 p 1 1 100 1 40 10 0;208-1;p1999992-1 100 76,208,222,225;
77 p 1 1 100 1 40 10 0;208-1;p1999942-1 100 77,208,222,225;
78 p 1 1 100 1 40 10 0;208-1;p2000198-1 100 78,208,222,225;
79 p 1 1 100 1 40 10 0;208-1;p1999910-1 100 79,208,222,225;
80 p 1 1 100 1 40 10 0;208-1;p1999910-1 100 80,208,222,225;
81 p 1 1 100 1 40 10 0;209-1;p2000107-1 100 81,209,222,225;
82 p 1 1 100 1 40 10 0;209-1;p2000119-1 100 82,209,222,225;
83 p 1 1 100 1 40 10 0;209-1;p1999820-1 100 83,209,222,225;
84 p 1 1 100 1 40 10 0;209-1;p2000172-1 100 84,209,222,225;
85 p 1 1 100 1 40 10 0;209-1;p1999900-1 100 85,209,222,225;
86 p 1 1 100 1 40 10 0;209-1;p2000180-1 100 86,209,222,225;
87 p 1 1 100 1 40 10 0;209-1;p1999822-1 100 87,209,222,225;
88 p 1 1 100 1 40 10 0;209-1;p2000063-1 100 88,209,222,225;
89 p 1 1 100 1 40 10 0;209-1;p2000140-1 100 89,209,222,225;
90 p 1 1 100 1 40 10 0;209-1;p2000032-1 100 90,209,222,225;
91 p 1 1 100 1 40 10 0;210-1;p2000170-1 100 91,210,222,225;
92 p 1 1 100 1 40 10 0;210-1;p2000122-1 100 92,210,222,225;
93 p 1 1 100 1 40 10 0;210-1;p2000034-1 100 93,210,222,225;
94 p 1 1 100 1 40 10 0;210-1;p1999865-1 100 94,210,222,225;
95 p 1 1 100 1 40 10 0;210-1;p2000043-1 100 95,210,222,225;
96 p 1 1 100 1 40 10 0;210-1;p1999945-1 100 96,210,222,225;
97 p 1 1 100 1 40 10 0;210-1;p1999898-1 100 97,210,222,225;
98 p 1 1 100 1 40 10 0;210-1;p2000116-1 100 98,210,222,225;
99 p 1 1 100 1 40 10 0;210-1;p2000138-1 100 99,210,222,225;
100 p 1 1 100 1 40 10 0;210-1;p1999904-1 100 100,210,222,225;
101 p 1 1 100 1 40 10 0;211-1;p1999816-1 100 101,211,223,225;
102 p 1 1 100 1 40 10 0;211-1;p2000039-1 100 102,211,223,225;
103 p 1 1 100 1 40 10 0;211-1;p2000103-1 100 103,211,223,225;
104 p 1 1 100 1 40 10 0;211-1;p1999985-1 100 104,211,223,225;
105 p 1 1 100 1 40 10 0;211-1;p2000142-1 100 105,211,223,225;
106 p 1 1 100 1 40 10 0;211-1;p2000115-1 100 106,211,223,225;
107 p 1 1 100 1 40 10 0;211-1;p2000105-1 100 107,211,223,225;
108 p 1 1 100 1 40 10 0;211-1;p2000117-1 100 108,211,223,225;
109 p 1 1 100 1 40 10 0;211-1;p1999816-1 100 109,211,223,225;
110 p 1 1 100 1 40 10 0;211-1;p1999814-1 100 110,211,223,225;
111 p 1 1 100 1 40 10 0;212-1;p2000109-1 100 111,212,223,225;
112 p 1 1 100 1 40 10 0;212-1;p2000177-1 100 112,212,223,225;
113 p 1 1 100 1 40 10 0;212-1;p2000141-1 100 113,212,223,225;
114 p 1 1 100 1 40 10 0;212-1;p1999834-1 100 114,212,223,225;
115 p 1 1 100 1 40 10 0;212-1;p1999959-1 100 115,212,223,225;
116 p 1 1 100 1 40 10 0;212-1;p1999894-1 100 116,212,223,225;
117 p 1 1 100 1 40 10 0;212-1;p1999835-1 100 117,212,223,225;
118 p 1 1 100 1 40 10 0;212-1;p2000044-1 100 118,212,223,225;
119 p 1 1 100 1 40 10 0;212-1;p1999993-1 100 119,212,223,225;
120 p 1 1 100 1 40 10 0;212-1;p1999851-1 100 120,212,223,225;
121 p 1 1 100 1 40 10 0;213-1;p2000174-1 100 121,213,223,225;
122 p 1 1 100 1 40 10 0;213-1;p1999864-1 100 122,213,223,225;
123 p 1 1 100 1 40 10 0;213-1;p2000141-1 100 123,213,223,225;
124 p 1 1 100 1 40 10 0;213-1;p2000022-1 100 124,213,223,225;
125 p 1 1 100 1 40 10 0;213-1;p2000025-1 100 125,213,223,225;
126 p 1 1 100 1 40 10 0;213-1;p2000170-1 100 126,213,223,225;
127 p 1 1 100 1 40 10 0;213-1;p2000070-1 100 127,213,223,225;
128 p 1 1 100 1 40 10 0;213-1;p2000034-1 100 128,213,223,225;
129 p 1 1 100 1 40 10 0;213-1;p1999817-1 100 129,213,223,225;
130 p 1 1 100 1 40 10 0;213-1;p2000168-1 100 130,213,223,225;
131 p 1 1 100 1 40 10 0;214-1;p1999870-1 100 131,214,223,225;
132 p 1 1 100 1 40 10 0;214-1;p1999945-1 100 132,214,223,225;
133 p 1 1 100 1 40 10 0;214-1;p2000126-1 100 133,214,223,225;
134 p 1 1 100 1 40 10 0;214-1;p1999927-1 100 134,214,223,225;
135 p 1 1 100 1 40 10 0;214-1;p2000056-1 100 135,214,223,225;
136 p 1 1 100 1 40 10 0;214-1;p1999818-1 100 136,214,223,225;
137 p 1 1 100 1 40 10 0;214-1;p2000119-1 100 137,214,223,225;
138 p 1 1 100 1 40 10 0;214-1;p2000046-1 100 138,214,223,225;
139 p 1 1 100 1 40 10 0;214-1;p1999990-1 100 139,214,223,225;
140 p 1 1 100 1 40 10 0;214-1;p2000025-1 100 140,214,223,225;
141 p 1 1 100 1 40 10 0;215-1;p2000108-1 100 141,215,223,225;
142 p 1 1 100 1 40 10 0;215-1;p2000052-1 100 142,215,223,225;
143 p 1 1 100 1 40 10 0;215-1;p1999821-1 100 143,215,223,225;
144 p 1 1 100 1 40 10 0;215-1;p1999823-1 100 144,215,223,225;
145 p 1 1 100 1 40 10 0;215-1;p2000190-1 100 145,215,223,225;
146 p 1 1 100 1 40 10 0;215-1;p1999859-1 100 146,215,223,225;
147 p 1 1 100 1 40 10 0;215-1;p1999958-1 100 147,215,223,225;
148 p 1 1 100 1 40 10 0;215-1;p1999878-1 100 148,215,223,225;
149 p 1 1 100 1 40 10 0;215-1;p2000039-1 100 149,215,223,225;
150 p 1 1 100 1 40 10 0;215-1;p1999811-1 100 150,215,223,225;
151 p 1 1 100 1 40 10 0;216-1;p1999983-1 100 151,216,224,225;
152 p 1 1 100 1 40 10 0;216-1;p2000105-1 100 152,216,224,225;
153 p 1 1 100 1 40 10 0;216-1;p2000032-1 100 153,216,224,225;
154 p 1 1 100 1 40 10 0;216-1;p2000121-1 100 154,216,224,225;
155 p 1 1 100 1 40 10 0;216-1;p1999897-1 100 155,216,224,225;
156 p 1 1 100 1 40 10 0;216-1;p1999809-1 100 156,216,224,225;
157 p 1 1 100 1 40 10 0;216-1;p2000199-1 100 157,216,224,225;
158 p 1 1 100 1 40 10 0;216-1;p2000048-1 100 158,216,224,225;
159 p 1 1 100 1 40 10 0;216-1;p1999903-1 100 159,216,224,225;
160 p 1 1 100 1 40 10 0;216-1;p1999945-1 100 160,216,224,225;
161 p 1 1 100 1 40 10 0;217-1;p1999998-1 100 161,217,224,225;
162 p 1 1 100 1 40 10 0;217-1;p2000115-1 100 162,217,224,225;
163 p 1 1 100 1 40 10 0;217-1;p1999820-1 100 163,217,224,225;
164 p 1 1 100 1 40 10 0;217-1;p1999842-1 100 164,217,224,225;
165 p 1 1 100 1 40 10 0;217-1;p1999889-1 100 165,217,224,225;
166 p 1 1 100 1 40 10 0;217-1;p2000083-1 100 166,217,224,225;
167 p 1 1 100 1 40 10 0;217-1;p1999932-1 100 167,217,224,225;
168 p 1 1 100 1 40 10 0;217-1;p1999858-1 100 168,217,224,225;
169 p 1 1 100 1 40 10 0;217-1;p1999866-1 100 169,217,224,225;
170 p 1 1 100 1 40 10 0;217-1;p2000019-1 100 170,217,224,225;
171 p 1 1 100 1 40 10 0;218-1;p1999995-1 100 171,218,224,225;
172 p 1 1 100 1 40 10 0;218-1;p1999821-1 100 172,218,224,225;
173 p 1 1 100 1 40 10 0;218-1;p2000147-1 100 173,218,224,225;
174 p 1 1 100 1 40 10 0;218-1;p2000174-1 100 174,218,224,225;
175 p 1 1 100 1 40 10 0;218-1;p1999825-1 100 175,218,224,225;
176 p 1 1 100 1 40 10 0;218-1;p1999866-1 100 176,218,224,225;
177 p 1 1 100 1 40 10 0;218-1;p1999859-1 100 177,218,224,225;
178 p 1 1 100 1 40 10 0;218-1;p2000102-1 100 178,218,224,225;
179 p 1 1 100 1 40 10 0;218-1;p2000077-1 100 179,218,224,225;
180 p 1 1 100 1 40 10 0;218-1;p2000170-1 100 180,218,224,225;
181 p 1 1 100 1 40 10 0;219-1;p1999803-1 100 181,219,224,225;
182 p 1 1 100 1 40 10 0;219-1;p2000186-1 100 182,219,224,225;
183 p 1 1 100 1 40 10 0;219-1;p1999821-1 100 183,219,224,225;
184 p 1 1 100 1 40 10 0;219-1;p2000128-1 100 184,219,224,225;
185 p 1 1 100 1 40 10 0;219-1;p1999980-1 100 185,219,224,225;
186 p 1 1 100 1 40 10 0;219-1;p2000135-1 100 186,219,224,225;
187 p 1 1 100 1 40 10 0;219-1;p2000162-1 100 187,219,224,225;
188 p 1 1 100 1 40 10 0;219-1;p2000103-1 100 188,219,224,225;
189 p 1 1 100 1 40 10 0;219-1;p1999893-1 100 189,219,224,225;
190 p 1 1 100 1 40 10 0;219-1;p2000047-1 100 190,219,224,225;
191 p 1 1 100 1 40 10 0;220-1;p1999980-1 100 191,220,224,225;
192 p 1 1 100 1 40 10 0;220-1;p2000046-1 100 192,220,224,225;
193 p 1 1 100 1 40 10 0;220-1;p1999940-1 100 193,220,224,225;
194 p 1 1 100 1 40 10 0;220-1;p1999816-1 100 194,220,224,225;
195 p 1 1 100 1 40 10 0;220-1;p2000048-1 100 195,220,224,225;
196 p 1 1 100 1 40 10 0;220-1;p1999956-1 100 196,220,224,225;
197 p 1 1 100 1 40 10 0;220-1;p1999964-1 100 197,220,224,225;
198 p 1 1 100 1 40 10 0;220-1;p1999893-1 100 198,220,224,225;
199 p 1 1 100 1 40 10 0;220-1;p1999955-1 100 199,220,224,225;
200 p 1 1 100 1 40 10 0;220-1;p2000055-1 100 200,220,224,225;
201 c 1000 1 100 1000 1000 200 0;1-1,2-1,3-1,4-1,5-1,6-1,7-1,8-1,9-1,10-1,221-2;
202 c 1000 1 100 1000 1000 200 0;11-1,12-1,13-1,14-1,15-1,16-1,17-1,18-1,19-1,20-1,221-2;
203 c 1000 1 100 1000 1000 200 0;21-1,22-1,23-1,24-1,25-1,26-1,27-1,28-1,29-1,30-1,221-2;
204 c 1000 1 100 1000 1000 200 0;31-1,32-1,33-1,34-1,35-1,36-1,37-1,38-1,39-1,40-1,221-2;
205 c 1000 1 100 1000 1000 200 0;41-1,42-1,43-1,44-1,45-1,46-1,47-1,48-1,49-1,50-1,221-2;
206 c 1000 1 100 1000 1000 200 0;51-1,52-1,53-1,54-1,55-1,56-1,57-1,58-1,59-1,60-1,222-2;
207 c 1000 1 100 1000 1000 200 0;61-1,62-1,63-1,64-1,65-1,66-1,67-1,68-1,69-1,70-1,222-2;
208 c 1000 1 100 1000 1000 200 0;71-1,72-1,73-1,74-1,75-1,76-1,77-1,78-1,79-1,80-1,222-2;
209 c 1000 1 100 1000 1000 200 0;81-1,82-1,83-1,84-1,85-1,86-1,87-1,88-1,89-1,90-1,222-2;
210 c 1000 1 100 1000 1000 200 0;91-1,92-1,93-1,94-1,95-1,96-1,97-1,98-1,99-1,100-1,222-2;
211 c 1000 1 100 1000 1000 200 0;101-1,102-1,103-1,104-1,105-1,106-1,107-1,108-1,109-1,110-1,223-2;
212 c 1000 1 100 1000 1000 200 0;111-1,112-1,113-1,114-1,115-1,116-1,117-1,118-1,119-1,120-1,223-2;
213 c 1000 1 100 1000 1000 200 0;121-1,122-1,123-1,124-1,125-1,126-1,127-1,128-1,129-1,130-1,223-2;
214 c 1000 1 100 1000 1000 200 0;131-1,132-1,133-1,134-1,135-1,136-1,137-1,138-1,139-1,140-1,223-2;
215 c 1000 1 100 1000 1000 200 0;141-1,142-1,143-1,144-1,145-1,146-1,147-1,148-1,149-1,150-1,223-2;
216 c 1000 1 100 1000 1000 200 0;151-1,152-1,153-1,154-1,155-1,156-1,157-1,158-1,159-1,160-1,224-2;
217 c 1000 1 100 1000 1000 200 0;161-1,162-1,163-1,164-1,165-1,166-1,167-1,168-1,169-1,170-1,224-2;
218 c 1000 1 100 1000 1000 200 0;171-1,172-1,173-1,174-1,175-1,176-1,177-1,178-1,179-1,180-1,224-2;
219 c 1000 1 100 1000 1000 200 0;181-1,182-1,183-1,184-1,185-1,186-1,187-1,188-1,189-1,190-1,224-2;
220 c 1000 1 100 1000 1000 200 0;191-1,192-1,193-1,194-1,195-1,196-1,197-1,198-1,199-1,200-1,224-2;
221 c 10000 1 100 10000 8000 1200 0;201-2,202-2,203-2,204-2,205-2,225-3;
222 c 10000 1 100 10000 8000 1200 0;206-2,207-2,208-2,209-2,210-2,225-3;
223 c 10000 1 100 10000 8000 1200 0;211-2,212-2,213-2,214-2,215-2,225-3;
224 c 10000 1 100 10000 8000 1200 0;216-2,217-2,218-2,219-2,220-2,225-3;
225 c 1000000 1 100 1000000 10000 3000 0;221-3,222-3,223-3,224-3;
0 0
