1 p 1 1 100 1 40 10 0;101-1;p2000109-1 1000 1,101,121,125;
2 p 1 1 100 1 40 10 0;101-1;p1999807-1 1000 2,101,121,125;
3 p 1 1 100 1 40 10 0;101-1;p1999874-1 1000 3,101,121,125;
4 p 1 1 100 1 40 10 0;101-1;p1999813-1 1000 4,101,121,125;
5 p 1 1 100 1 40 10 0;101-1;p1999843-1 1000 5,101,121,125;
6 p 1 1 100 1 40 10 0;102-1;p2000091-1 1000 6,102,121,125;
7 p 1 1 100 1 40 10 0;102-1;p2000151-1 1000 7,102,121,125;
8 p 1 1 100 1 40 10 0;102-1;p1999807-1 1000 8,102,121,125;
9 p 1 1 100 1 40 10 0;102-1;p1999894-1 1000 9,102,121,125;
10 p 1 1 100 1 40 10 0;102-1;p2000163-1 1000 10,102,121,125;
11 p 1 1 100 1 40 10 0;103-1;p2000051-1 1000 11,103,121,125;
12 p 1 1 100 1 40 10 0;103-1;p2000199-1 1000 12,103,121,125;
13 p 1 1 100 1 40 10 0;103-1;p2000048-1 1000 13,103,121,125;
14 p 1 1 100 1 40 10 0;103-1;p2000074-1 1000 14,103,121,125;
15 p 1 1 100 1 40 10 0;103-1;p2000003-1 1000 15,103,121,125;
16 p 1 1 100 1 40 10 0;104-1;p2000172-1 1000 16,104,121,125;
17 p 1 1 100 1 40 10 0;104-1;p1999987-1 1000 17,104,121,125;
18 p 1 1 100 1 40 10 0;104-1;p1999988-1 1000 18,104,121,125;
19 p 1 1 100 1 40 10 0;104-1;p1999828-1 1000 19,104,121,125;
20 p 1 1 100 1 40 10 0;104-1;p2000085-1 1000 20,104,121,125;
21 p 1 1 100 1 40 10 0;105-1;p1999967-1 1000 21,105,121,125;
22 p 1 1 100 1 40 10 0;105-1;p1999931-1 1000 22,105,121,125;
23 p 1 1 100 1 40 10 0;105-1;p2000198-1 1000 23,105,121,125;
24 p 1 1 100 1 40 10 0;105-1;p2000111-1 1000 24,105,121,125;
25 p 1 1 100 1 40 10 0;105-1;p1999975-1 1000 25,105,121,125;
26 p 1 1 100 1 40 10 0;106-1;p2000124-1 1000 26,106,122,125;
27 p 1 1 100 1 40 10 0;106-1;p2000148-1 1000 27,106,122,125;
28 p 1 1 100 1 40 10 0;106-1;p1999926-1 1000 28,106,122,125;
29 p 1 1 100 1 40 10 0;106-1;p1999830-1 1000 29,106,122,125;
30 p 1 1 100 1 40 10 0;106-1;p1999837-1 1000 30,106,122,125;
31 p 1 1 100 1 40 10 0;107-1;p1999973-1 1000 31,107,122,125;
32 p 1 1 100 1 40 10 0;107-1;p1999858-1 1000 32,107,122,125;
33 p 1 1 100 1 40 10 0;107-1;p1999950-1 1000 33,107,122,125;
34 p 1 1 100 1 40 10 0;107-1;p2000029-1 1000 34,107,122,125;
35 p 1 1 100 1 40 10 0;107-1;p1999879-1 1000 35,107,122,125;
36 p 1 1 100 1 40 10 0;108-1;p2000094-1 1000 36,108,122,125;
37 p 1 1 100 1 40 10 0;108-1;p2000168-1 1000 37,108,122,125;
38 p 1 1 100 1 40 10 0;108-1;p1999813-1 1000 38,108,122,125;
39 p 1 1 100 1 40 10 0;108-1;p1999969-1 1000 39,108,122,125;
40 p 1 1 100 1 40 10 0;108-1;p2000184-1 1000 40,108,122,125;
41 p 1 1 100 1 40 10 0;109-1;p2000141-1 1000 41,109,122,125;
42 p 1 1 100 1 40 10 0;109-1;p1999830-1 1000 42,109,122,125;
43 p 1 1 100 1 40 10 0;109-1;p2000074-1 1000 43,109,122,125;
44 p 1 1 100 1 40 10 0;109-1;p1999940-1 1000 44,109,122,125;
45 p 1 1 100 1 40 10 0;109-1;p2000079-1 1000 45,109,122,125;
46 p 1 1 100 1 40 10 0;110-1;p2000195-1 1000 46,110,122,125;
47 p 1 1 100 1 40 10 0;110-1;p2000148-1 1000 47,110,122,125;
48 p 1 1 100 1 40 10 0;110-1;p1999910-1 1000 48,110,122,125;
49 p 1 1 100 1 40 10 0;110-1;p1999987-1 1000 49,110,122,125;
50 p 1 1 100 1 40 10 0;110-1;p2000153-1 1000 50,110,122,125;
51 p 1 1 100 1 40 10 0;111-1;p1999822-1 1000 51,111,123,125;
52 p 1 1 100 1 40 10 0;111-1;p2000178-1 1000 52,111,123,125;
53 p 1 1 100 1 40 10 0;111-1;p1999825-1 1000 53,111,123,125;
54 p 1 1 100 1 40 10 0;111-1;p2000024-1 1000 54,111,123,125;
55 p 1 1 100 1 40 10 0;111-1;p2000123-1 1000 55,111,123,125;
56 p 1 1 100 1 40 10 0;112-1;p1999878-1 1000 56,112,123,125;
57 p 1 1 100 1 40 10 0;112-1;p1999837-1 1000 57,112,123,125;
58 p 1 1 100 1 40 10 0;112-1;p2000191-1 1000 58,112,123,125;
59 p 1 1 100 1 40 10 0;112-1;p1999852-1 1000 59,112,123,125;
60 p 1 1 100 1 40 10 0;112-1;p1999949-1 1000 60,112,123,125;
61 p 1 1 100 1 40 10 0;113-1;p2000051-1 1000 61,113,123,125;
62 p 1 1 100 1 40 10 0;113-1;p2000132-1 1000 62,113,123,125;
63 p 1 1 100 1 40 10 0;113-1;p2000104-1 1000 63,113,123,125;
64 p 1 1 100 1 40 10 0;113-1;p2000104-1 1000 64,113,123,125;
65 p 1 1 100 1 40 10 0;113-1;p2000134-1 1000 65,113,123,125;
66 p 1 1 100 1 40 10 0;114-1;p2000170-1 1000 66,114,123,125;
67 p 1 1 100 1 40 10 0;114-1;p2000098-1 1000 67,114,123,125;
68 p 1 1 100 1 40 10 0;114-1;p2000104-1 1000 68,114,123,125;
69 p 1 1 100 1 40 10 0;114-1;p1999958-1 1000 69,114,123,125;
70 p 1 1 100 1 40 10 0;114-1;p1999971-1 1000 70,114,123,125;
71 p 1 1 100 1 40 10 0;115-1;p2000191-1 1000 71,115,123,125;
72 p 1 1 100 1 40 10 0;115-1;p1999882-1 1000 72,115,123,125;
73 p 1 1 100 1 40 10 0;115-1;p2000089-1 1000 73,115,123,125;
74 p 1 1 100 1 40 10 0;115-1;p1999953-1 1000 74,115,123,125;
75 p 1 1 100 1 40 10 0;115-1;p2000042-1 1000 75,115,123,125;
76 p 1 1 100 1 40 10 0;116-1;p1999891-1 1000 76,116,124,125;
77 p 1 1 100 1 40 10 0;116-1;p1999885-1 1000 77,116,124,125;
78 p 1 1 100 1 40 10 0;116-1;p1999907-1 1000 78,116,124,125;
79 p 1 1 100 1 40 10 0;116-1;p1999956-1 1000 79,116,124,125;
80 p 1 1 100 1 40 10 0;116-1;p2000166-1 1000 80,116,124,125;
81 p 1 1 100 1 40 10 0;117-1;p1999974-1 1000 81,117,124,125;
82 p 1 1 100 1 40 10 0;117-1;p1999946-1 1000 82,117,124,125;
83 p 1 1 100 1 40 10 0;117-1;p2000165-1 1000 83,117,124,125;
84 p 1 1 100 1 40 10 0;117-1;p1999946-1 1000 84,117,124,125;
85 p 1 1 100 1 40 10 0;117-1;p1999819-1 1000 85,117,124,125;
86 p 1 1 100 1 40 10 0;118-1;p1999923-1 1000 86,118,124,125;
87 p 1 1 100 1 40 10 0;118-1;p2000155-1 1000 87,118,124,125;
88 p 1 1 100 1 40 10 0;118-1;p1999846-1 1000 88,118,124,125;
89 p 1 1 100 1 40 10 0;118-1;p1999973-1 1000 89,118,124,125;
90 p 1 1 100 1 40 10 0;118-1;p2000135-1 1000 90,118,124,125;
91 p 1 1 100 1 40 10 0;119-1;p2000111-1 1000 91,119,124,125;
92 p 1 1 100 1 40 10 0;119-1;p1999854-1 1000 92,119,124,125;
93 p 1 1 100 1 40 10 0;119-1;p2000126-1 1000 93,119,124,125;
94 p 1 1 100 1 40 10 0;119-1;p1999814-1 1000 94,119,124,125;
95 p 1 1 100 1 40 10 0;119-1;p2000127-1 1000 95,119,124,125;
96 p 1 1 100 1 40 10 0;120-1;p1999942-1 1000 96,120,124,125;
97 p 1 1 100 1 40 10 0;120-1;p2000075-1 1000 97,120,124,125;
98 p 1 1 100 1 40 10 0;120-1;p2000055-1 1000 98,120,124,125;
99 p 1 1 100 1 40 10 0;120-1;p2000087-1 1000 99,120,124,125;
100 p 1 1 100 1 40 10 0;120-1;p2000059-1 1000 100,120,124,125;
101 c 1000 1 100 1000 1000 200 5;1-1,2-1,3-1,4-1,5-1,121-2;
102 c 1000 1 100 1000 1000 200 5;6-1,7-1,8-1,9-1,10-1,121-2;
103 c 1000 1 100 1000 1000 200 5;11-1,12-1,13-1,14-1,15-1,121-2;
104 c 1000 1 100 1000 1000 200 5;16-1,17-1,18-1,19-1,20-1,121-2;
105 c 1000 1 100 1000 1000 200 5;21-1,22-1,23-1,24-1,25-1,121-2;
106 c 1000 1 100 1000 1000 200 5;26-1,27-1,28-1,29-1,30-1,122-2;
107 c 1000 1 100 1000 1000 200 5;31-1,32-1,33-1,34-1,35-1,122-2;
108 c 1000 1 100 1000 1000 200 5;36-1,37-1,38-1,39-1,40-1,122-2;
109 c 1000 1 100 1000 1000 200 5;41-1,42-1,43-1,44-1,45-1,122-2;
110 c 1000 1 100 1000 1000 200 5;46-1,47-1,48-1,49-1,50-1,122-2;
111 c 1000 1 100 1000 1000 200 5;51-1,52-1,53-1,54-1,55-1,123-2;
112 c 1000 1 100 1000 1000 200 5;56-1,57-1,58-1,59-1,60-1,123-2;
113 c 1000 1 100 1000 1000 200 5;61-1,62-1,63-1,64-1,65-1,123-2;
114 c 1000 1 100 1000 1000 200 5;66-1,67-1,68-1,69-1,70-1,123-2;
115 c 1000 1 100 1000 1000 200 5;71-1,72-1,73-1,74-1,75-1,123-2;
116 c 1000 1 100 1000 1000 200 5;76-1,77-1,78-1,79-1,80-1,124-2;
117 c 1000 1 100 1000 1000 200 5;81-1,82-1,83-1,84-1,85-1,124-2;
118 c 1000 1 100 1000 1000 200 5;86-1,87-1,88-1,89-1,90-1,124-2;
119 c 1000 1 100 1000 1000 200 5;91-1,92-1,93-1,94-1,95-1,124-2;
120 c 1000 1 100 1000 1000 200 5;96-1,97-1,98-1,99-1,100-1,124-2;
121 c 10000 1 100 10000 8000 1200 0;101-2,102-2,103-2,104-2,105-2,125-3;
122 c 10000 1 100 10000 8000 1200 0;106-2,107-2,108-2,109-2,110-2,125-3;
123 c 10000 1 100 10000 8000 1200 0;111-2,112-2,113-2,114-2,115-2,125-3;
124 c 10000 1 100 10000 8000 1200 0;116-2,117-2,118-2,119-2,120-2,125-3;
125 c 1000000 1 100 1000000 100000 3000 0;121-3,122-3,123-3,124-3;
0 0
